time;escalonamento;server;carId, CoordX, CoordY, idObj;tempDetect;SizeObj;obDetect;prioridadeVideo;deadlineVideo;coordObjX;coordObjY;
7.133;3;server2;3;779.8;1518.19;8;5.108;0.554839;2;2;13.108;547.399;1598.62;
8.132;3;server2;3;779.8;1494.15;32;8.127;0.41354;2;1;17.127;684.767;1443.22;
9.139;3;server2;9;1519;770;50;9.136;0.401607;2;2;22.136;1455.74;1030.2;
10.14;3;server2;9;1519;770;50;9.136;0.401607;2;2;22.136;1455.74;1030.2;
11.134;3;server2;3;779.8;1494.15;32;8.127;0.41354;2;1;17.127;684.767;1443.22;
12.327;3;server2;3;779.8;1518.19;8;5.108;0.554839;2;2;13.108;547.399;1598.62;
13.132;3;server2;7;779.8;1482.44;185;13.127;1.21779;2;2;30.127;528.272;1572.83;
13.133;3;server2;11;779.8;1515.41;194;13.132;2.15152;2;1;27.132;881.411;1470.22;
13.138;3;server2;9;1519;770;50;9.136;0.401607;2;2;22.136;1455.74;1030.2;
14.134;3;server2;3;779.8;1414.8;294;14.134;0.973163;2;2;29.134;761.501;1483.91;
14.154;3;server2;1;1383.62;770.2;354;14.142;1.29616;2;1;31.142;1454.93;1001.2;
16.238;3;server2;1;1354.82;770.2;506;16.141;0.557311;2;1;34.141;1225.17;738.104;
17.127;3;server2;3;779.8;1372.98;573;17.127;0.876951;1;2;35.127;735.477;1461.39;
17.135;3;server2;9;1454.43;770.2;610;17.133;0.482939;2;1;37.133;1215.33;987.802;
17.144;3;server2;13;1502.32;770.2;657;17.142;0.9464;2;2;39.142;1217.13;1002.25;
17.167;3;server2;1;1340.41;770.2;763;17.156;0.867416;2;2;36.156;1529.93;531;
17.26;3;server2;9;1519;770;50;9.136;0.401607;2;2;22.136;1455.74;1030.2;
17.265;3;server2;5;1392.12;770.2;789;17.189;1.41158;2;1;35.189;1674.26;850.17;
18.132;3;server2;11;779.8;1472.14;894;18.127;1.25586;1;2;37.127;850.265;1392.72;
18.136;3;server2;9;1437.34;770.2;933;18.135;0.423678;2;2;38.135;1388.43;655.928;
18.147;3;server2;9;1437.34;770.2;933;18.135;0.423678;2;2;38.135;1388.43;655.928;
18.156;3;server2;13;1492.98;770.2;959;18.147;0.649347;2;2;37.147;1476.15;690.159;
18.176;3;server2;13;1492.98;770.2;1009;18.168;1.02204;2;2;40.168;1214.19;850.686;
19.114;3;server2;3;779.8;1456.63;96;11.125;0.400318;2;1;27.125;544.862;1257.95;
19.128;3;server2;5;1376.22;770.2;1028;18.176;2.05698;2;2;37.176;1554.71;726.977;
19.128;3;server2;11;779.8;1459.16;1121;19.128;0.607469;2;1;41.128;832.109;1273.24;
19.133;3;server2;19;779;1519;1134;19.128;1.62957;2;1;42.128;501.392;1438.06;
19.17;3;server2;1;1311.65;770.2;1230;19.148;0.590147;2;2;41.148;1496.47;942.613;
19.176;3;server2;17;1515.26;770.2;1298;19.17;0.588324;2;1;39.17;1476.34;869.88;
20.124;3;server2;17;1515.26;770.2;1298;19.17;0.588324;2;1;39.17;1476.34;869.88;
20.133;3;server2;11;779.8;1446.2;1373;20.127;1.98291;1;2;41.127;627.793;1569.99;
20.135;3;server2;3;779.8;1331.13;1491;20.134;0.657767;2;1;42.134;589.124;1478.95;
20.136;3;server2;3;779.8;1331.13;1491;20.134;0.657767;2;1;42.134;589.124;1478.95;
20.137;3;server2;15;779.8;1494.66;1504;20.135;1.51666;2;2;40.135;783.716;1521.36;
20.147;3;server2;9;1402.48;770.2;1598;20.138;0.789539;2;2;41.138;1604.4;572.714;
20.149;3;server2;13;1468.59;770.2;1611;20.147;1.35194;2;2;40.147;1592.53;631.827;
20.152;3;server2;15;779.8;1494.66;1636;20.149;2.54183;2;1;41.149;827.838;1370.13;
20.156;3;server2;3;779.8;1331.13;1686;20.152;0.923521;2;2;41.152;853.822;1119.89;
20.176;3;server2;3;779.8;1331.13;1767;20.171;1.09583;2;1;44.171;586.313;1488.9;
21.127;3;server2;3;779.8;1456.63;96;11.125;0.400318;2;1;27.125;544.862;1257.95;
21.128;3;server2;11;779.8;1433.23;1877;21.127;0.544661;2;2;44.127;799.035;1293.33;
21.133;3;server2;11;779.8;1433.23;1877;21.127;0.544661;2;2;44.127;799.035;1293.33;
21.141;3;server2;5;1328.55;770.2;2078;21.135;1.2879;2;0;43.135;1417.07;789.559;
21.161;3;server2;13;1455.04;770.2;2125;21.148;1.62262;2;2;43.148;1391.35;1052.96;
22.128;3;server2;3;779.8;1303.21;2201;22.127;1.14728;2;1;47.127;630.134;1184.54;
22.133;3;server2;11;779.8;1420.24;2208;22.128;0.66303;2;1;45.128;961.014;1485.31;
22.139;3;server2;1;1268.44;770.2;2235;22.134;0.412393;2;1;46.134;1329.29;554.181;
22.141;3;server2;1;1268.44;770.2;2235;22.134;0.412393;2;1;46.134;1329.29;554.181;
22.147;3;server2;19;779.8;1510.11;2287;22.143;1.09837;2;1;46.143;963.836;1463.97;
22.159;3;server2;17;1494.34;770.2;2335;22.156;0.563023;2;2;47.156;1278.13;668.225;
23.127;3;server2;11;779.8;1420.24;2345;22.166;1.09471;2;1;45.166;1025.45;1518.37;
23.161;3;server2;9;1350.16;770.2;2420;23.134;0.409545;2;1;48.134;1540.31;873.545;
23.161;3;server2;9;1350.16;770.2;2425;23.139;0.614193;2;2;51.139;1575.25;963.332;
23.223;3;server2;21;1519.82;770.2;2463;23.161;0.407954;2;1;48.161;1390.03;534.052;
24.133;3;server2;3;779.8;1456.63;96;11.125;0.400318;2;1;27.125;544.862;1257.95;
24.139;3;server2;9;1332.71;770.2;2627;24.135;0.492779;2;2;52.135;1400.06;541.74;
24.139;3;server2;9;1332.71;770.2;2627;24.135;0.492779;2;2;52.135;1400.06;541.74;
24.14;3;server2;1;1239.63;770.2;2636;24.139;0.941794;2;2;48.139;1336.85;820.064;
24.149;3;server2;1;1239.63;770.2;2636;24.139;0.941794;2;2;48.139;1336.85;820.064;
24.159;3;server2;5;1280.89;770.2;2780;24.149;0.475597;2;0;51.149;1213.55;981.604;
24.159;3;server2;1;1239.63;770.2;2785;24.159;0.627566;2;2;51.159;1556.51;606.07;
24.167;3;server2;1;1239.63;770.2;2785;24.159;0.627566;2;2;51.159;1556.51;606.07;
24.171;3;server2;13;1414.36;770.2;2916;24.167;1.24038;2;2;52.167;1286.45;1055.34;
24.185;3;server2;5;1280.89;770.2;2941;24.171;0.816097;2;0;52.171;1335.99;1000.12;
24.185;3;server2;5;1280.89;770.2;2941;24.171;0.816097;2;0;52.171;1335.99;1000.12;
24.189;3;server2;5;1280.89;770.2;2941;24.171;0.816097;2;0;52.171;1335.99;1000.12;
24.202;3;server2;17;1474.53;770.2;2955;24.185;1.69991;2;2;50.185;1381.97;695.287;
24.205;3;server2;13;1414.36;770.2;2996;24.189;1.25505;2;2;50.189;1256.4;683.579;
25.128;3;server2;23;779.8;1518.34;3047;24.329;1.01427;2;2;53.329;654.572;1231.23;
25.136;3;server2;1;1225.21;770.2;3111;25.132;0.677796;2;1;52.132;1110.53;836.075;
25.165;3;server2;23;779.8;1515.3;3184;25.148;0.774743;2;2;53.148;976.018;1564.11;
25.173;3;server2;23;779.8;1515.3;3184;25.148;0.774743;2;2;53.148;976.018;1564.11;
25.335;3;server2;1;1223.76;770.2;3263;25.24;1.56635;2;1;51.24;1197.65;701.779;
26.127;3;server2;3;779.8;1261.41;3349;26.108;0.735345;2;2;54.108;921.627;1408.26;
26.137;3;server2;11;779.8;1369.38;3375;26.127;0.91902;2;2;57.127;925.801;1095.56;
26.146;3;server2;3;779.8;1247.45;3430;26.137;1.56946;2;1;54.137;962.133;1574.18;
26.151;3;server2;9;1297.85;770.2;3397;26.134;2.18039;2;2;54.134;1479.98;664.149;
26.155;3;server2;13;1387.27;770.2;3464;26.151;0.454019;2;2;55.151;1558.99;862.011;
26.159;3;server2;25;1518.62;770.2;3469;26.155;0.487382;2;1;55.155;1344.88;922.02;
26.238;3;server2;13;1387.27;770.2;3503;26.159;0.464618;2;2;55.159;1342;595.37;
27.124;3;server2;21;1494.04;770.2;3512;26.238;0.425101;2;1;56.238;1326.74;559.497;
27.125;3;server2;21;1493.02;770.2;3517;26.241;0.57696;2;2;55.241;1308.47;1051;
27.128;3;server2;7;779.8;1335.65;3637;27.127;1.07474;2;1;55.127;828.067;1398.76;
27.128;3;server2;7;779.8;1335.65;3637;27.127;1.07474;2;1;55.127;828.067;1398.76;
27.129;3;server2;3;779.8;1233.51;3742;27.128;0.97739;2;2;58.128;1065.03;1263.03;
27.133;3;server2;11;779.8;1357.6;3771;27.128;1.17024;2;1;57.128;823.595;1571.94;
27.134;3;server2;5;1233.24;770.2;5647;27.133;1.32631;2;2;57.133;1455.36;917.204;
27.138;3;server2;9;1280.41;770.2;7193;27.134;0.413744;2;1;55.134;1211.69;713.596;
27.142;3;server2;9;1280.41;770.2;7193;27.134;0.413744;2;1;55.134;1211.69;713.596;
27.145;3;server2;9;1280.41;770.2;7193;27.134;0.413744;2;1;55.134;1211.69;713.596;
27.15;3;server2;9;1280.41;770.2;7193;27.134;0.413744;2;1;55.134;1211.69;713.596;
27.154;3;server2;17;1444.73;770.2;85632;27.15;0.846364;1;2;57.15;1300.69;930.143;
27.158;3;server2;17;1454.67;770.2;4309;27.129;0.554184;2;1;56.129;1734.96;767.548;
27.162;3;server2;25;1515.35;770.2;106950;27.158;0.711236;2;2;58.158;1253.59;669.664;
27.17;3;server2;1;1196.41;770.2;128267;27.162;0.712423;2;2;55.162;1335;689.528;
27.174;3;server2;17;1444.73;770.2;160576;27.17;1.64972;1;2;57.17;1380.38;560.756;
35;206.347;591.629;
23.133;3;server1;4;224.542;779.8;357346;23.133;0.712884;1;2;50.133;109.454;1036.71;
23.136;3;server1;2;770.2;279.09;186847;23.128;0.400446;2;2;49.128;691.889;116.169;
23.136;3;server1;2;770.2;279.09;186847;23.128;0.400446;2;2;49.128;691.889;116.169;
23.138;3;server1;2;770.2;279.09;186847;23.128;0.400446;2;2;49.128;691.889;116.169;
23.142;3;server1;2;770.2;279.09;186847;23.128;0.400446;2;2;49.128;691.889;116.169;
23.142;3;server1;2;770.2;279.09;186847;23.128;0.400446;2;2;49.128;691.889;116.169;
23.147;3;server1;20;34.8771;779.8;45620;22.135;0.780972;1;2;48.135;206.347;591.629;
23.16;3;server1;14;770.2;108.92;1198893;23.151;0.843127;2;2;47.151;693.075;143.054;
