time,algoritimo,server,carId, CoordX, CoordY, idObj,SizeObj,obDetect,prioridadeVideo,deadline,coordObjX,coordObjY
1261,2,server2,1,1519.87,770.2,1,0.765874,2,1,30,1764.96,949866
2191,2,server2,1,1518.57,770.2,2,0.867496,2,1,30,1690.94,980.64
2821,2,server2,1,1516.38,770.2,3,0.684874,2,2,62,1747.04,640918
3223,2,server2,1,1514.74,770.2,4,0.627269,2,2,80,1631.99,919752
4252,2,server2,3,779.8,1518.38,5,0.435816,2,0,8,846884,1361.49
4464,2,server2,3,779.8,1517.83,6,0.601789,2,2,58,671941,1295.55
4561,2,server2,1,1507.41,770.2,7,0.767912,2,1,29,1596.29,856.76
5064,2,server2,1,1503.77,770.2,8,1.70967,2,1,29,1260.97,825793
5.29,2,server2,5,1519.87,770.2,9,0.650837,2,2,77,1720.18,1042.7
5319,2,server2,3,779.8,1514.44,10,0.768187,2,1,22,820797,1413.05
6195,2,server2,5,1518.64,770.2,11,1.22583,2,1,32,1600.08,769426
6431,2,server2,3,779.8,1508.38,12,0.491453,2,2,70,533399,1621.56
6802,2,server2,3,779.8,1506.33,13,1.37716,2,2,70,673722,1334.89
7.33,2,server2,1,1494.9,770.2,14,0.410325,2,2,83,1342.66,826374
7349,2,server2,1,1480.52,770.2,15,1.64969,2,1,35,1213.69,1063.93
7447,2,server2,5,1514.41,770.2,16,0.46594,2,2,59,1409.5,761413
7.48,2,server2,3,779.8,1500.86,17,0.610835,2,1,28,920408,1388.38
7869,2,server2,3,779.8,1497.33,18,0.826426,2,1,28,734218,1722.5
8165,2,server2,5,1510.04,770.2,19,1.08602,1,2,84,1677.6,543374
8327,2,server2,3,779.8,1493.47,20,1.99494,1,2,77,855.2,1739.48
8537,2,server2,1,1468.97,770.2,21,0.401097,2,1,29,1360.65,803242
8537,2,server2,1,1468.97,770.2,22,0.453116,2,1,29,1745.28,1022.21
8539,2,server2,1,1467.68,770.2,23,1.83583,2,1,33,1393.53,767.32
9286,2,server2,3,779.8,1482.51,24,1.00093,2,1,32,736496,1577.57
9436,2,server2,5,1501.86,770.2,25,1.0394,2,2,57,1489.01,936539
9447,2,server2,1,1453.44,770.2,26,0.508812,2,2,95,1695.96,470931
9449,2,server2,5,1501,770.2,27,2.18197,2,2,57,1217.55,622493
9.8,2,server2,3,779.8,1476.48,28,1.98074,2,1,32,884846,1381.86
10.19,2,server2,9,1518.63,770.2,29,0.421552,2,1,20,1430.77,734051
10203,2,server2,5,1493.5,770.2,30,0.483599,2,1,44,1413.64,690269
10347,2,server2,1,1444.37,770.2,31,0.423833,2,2,80,1333.79,792334
10364,2,server2,1,1444.37,770.2,32,0.467113,2,2,80,1257.33,496419
10541,2,server2,9,1517.52,770.2,33,0.508184,2,2,81,1456.9,654869
10704,2,server2,3,779.8,1465.59,34,0.946047,2,2,90,715047,1217.24
11138,2,server2,5,1482.26,770.2,35,0.748886,2,2,77,1243.65,880.11
11.17,2,server2,1,1431.41,770.2,36,0.858267,2,1,42,1408.47,672384
11199,2,server2,5,1482.26,770.2,37,0.806088,2,2,77,1534.17,1006.65
11305,2,server2,9,1514.8,770.2,38,0.866482,2,0,14,1420.48,936905
11601,2,server2,3,779.8,1454.7,39,0.964797,2,2,95,779522,1549.04
11996,2,server2,3,779.8,1449.88,40,0.997583,2,2,95,1002.8,1716.06
12181,2,server2,5,1469.18,770.2,41,0.544897,2,2,81,1736.17,553756
12181,2,server2,5,1469.18,770.2,42,0.881968,2,2,81,1501.2,666493
12194,2,server2,1,1418.47,770.2,43,0.763095,2,2,88,1212.01,783375
12.21,2,server2,9,1509.88,770.2,44,0.527726,2,2,100,1345.95,811139
12.23,2,server2,1,1417.18,770.2,45,1.07687,2,2,88,1384.13,797414
12.28,2,server2,11,779.8,1518.34,46,0.528309,2,1,34,514578,1594.79
12523,2,server2,3,779.8,1442.62,46,1.87339,2,2,62,686515,1630
12524,2,server2,11,779.8,1517.49,47,1.03387,2,1,34,839518,1677.52
12554,2,server2,11,779.8,1517.49,48,1.4241,2,2,99,864959,1661.7
13144,2,server2,5,1455.66,770.2,49,1.24386,2,2,86,1670.06,591297
13181,2,server2,1,1405.52,770.2,50,0.613642,2,1,38,1516.93,844151
13183,2,server2,11,779.8,1515.33,51,1.34092,1,1,27,656063,1681.5
13202,2,server2,3,779.8,1435.39,52,0.99544,2,1,28,943569,1532.47
13235,2,server2,9,1502.61,770.2,53,1.03887,2,0,13,1311.65,576488
13237,2,server2,9,1502.61,770.2,54,1.48102,2,0,13,1720.85,921639
13.24,2,server2,3,779.8,1434.19,55,2.01606,2,1,28,497759,1237.49
14135,2,server2,3,779.8,1423.32,56,0.794567,0,2,70,664174,1263.83
14148,2,server2,1,1392.58,770.2,57,0.541863,2,1,45,1307.94,530506
14148,2,server2,5,1442.16,770.2,58,0.604296,2,2,80,1528.37,856437
14163,2,server2,9,1493.46,770.2,59,1.16005,1,2,64,1691.24,1051.13
14205,2,server2,11,779.8,1510.15,60,0.938913,2,1,40,756265,1388.35
14305,2,server2,13,1518.34,770.2,61,0.809435,2,2,67,1520.55,850107
14425,2,server2,3,779.8,1419.7,62,1.20045,2,2,70,1031.32,1555.92
14464,2,server2,9,1490.36,770.2,63,1.22732,2,2,64,1437.04,918363
14633,2,server2,13,1517.12,770.2,64,1.17889,2,2,89,1297.24,521955
15145,2,server2,11,779.8,1502.84,65,0.469518,2,1,25,487429,1214.42
15145,2,server2,11,779.8,1502.84,66,2.57686,2,1,25,858583,1613.62
15149,2,server2,1,1379.63,770.2,67,2.62315,1,1,38,1601.34,543829
15159,2,server2,9,1482.52,770.2,68,1.15531,2,1,40,1605.15,752644
15161,2,server2,3,779.8,1411.23,69,1.29856,2,2,59,726519,1640.69
15166,2,server2,13,1515.1,770.2,70,0.430488,2,1,49,1461.19,912338
15171,2,server2,5,1428.63,770.2,71,0.450911,1,1,29,1150.7,847221
15186,2,server2,13,1515.1,770.2,72,0.537842,2,1,49,1263.33,737434
15241,2,server2,3,779.8,1410.02,73,1.30407,2,2,59,934398,1513.54
15242,2,server2,15,779.8,1519.88,74,1.11506,2,1,21,605314,1475.52
15303,2,server2,9,1481.33,770.2,75,1.65848,2,1,40,1564.39,853375
16.13,2,server2,13,1509.52,770.2,76,2.03699,2,1,46,1483.49,540895
16.13,2,server2,13,1509.52,770.2,77,2.33021,2,1,46,1423.12,1059.84
16145,2,server2,3,779.8,1399.16,78,0.509804,2,2,58,993473,1548.87
16148,2,server2,5,1415.1,770.2,79,0.797394,2,2,91,1480.25,788831
16166,2,server2,1,1366.7,770.2,80,0.717975,2,1,25,1281.4,820726
16202,2,server2,11,779.8,1493.5,81,2.16433,2,2,96,651207,1395.87
16.3,2,server2,15,779.8,1518.38,82,0.70393,2,2,72,1017.87,1358.07
16436,2,server2,9,1470.72,770.2,83,0.520923,2,1,46,1621.01,652324
16438,2,server2,9,1470.72,770.2,84,1.38396,2,1,46,1693.51,571245
16559,2,server2,15,779.8,1517.55,85,0.839689,2,2,72,529371,1272.45
16568,2,server2,1,1361.52,770.2,86,1.95426,2,1,25,1581.67,941825
17126,2,server2,5,1401.58,770.2,87,0.459653,2,1,50,1118.33,776147
17133,2,server2,9,1458.93,770.2,88,0.48739,1,2,91,1660.63,1035.07
17136,2,server2,13,1501.94,770.2,89,1.21749,1,1,26,1544.3,757847
17148,2,server2,3,779.8,1387.09,90,0.994555,1,2,97,508669,1676.63
17153,2,server2,1,1353.74,770.2,91,0.669221,2,2,96,1503.14,593767
17174,2,server2,5,1401.58,770.2,92,0.863682,2,1,50,1677.44,986159
17224,2,server2,11,779.8,1482.13,93,0.426365,2,2,67,547516,1736.25
17397,2,server2,15,779.8,1514.46,94,0.901128,2,1,43,689.18,1503.98
17399,2,server2,11,779.8,1479.63,95,0.683702,2,2,67,618215,1252.02
17424,2,server2,15,779.8,1513.99,96,1.5893,1,1,43,875787,1307.68
18127,2,server2,9,1447.13,770.2,97,1.36419,2,2,93,1706.84,614956
18.13,2,server2,15,779.8,1510.15,98,0.5864,2,2,81,856864,1269.9
18133,2,server2,1,1340.8,770.2,99,0.434671,2,2,54,1243.43,628537
18139,2,server2,11,779.8,1469.19,100,0.477743,1,2,87,919679,1434.72
18147,2,server2,5,1388.05,770.2,101,0.45685,2,1,45,1164.36,700042
18151,2,server2,3,779.8,1375.02,102,0.993248,2,2,56,549761,1436.85
18154,2,server2,5,1388.05,770.2,103,0.632176,2,1,45,1465,717235
18376,2,server2,13,1490.31,770.2,104,1.31068,2,2,97,1518.74,487666
19129,2,server2,1,1327.86,770.2,105,2.20904,2,1,43,1086.39,856556
19129,2,server2,1,1327.86,770.2,106,2.58197,2,1,43,1125.4,787.57
19132,2,server2,5,1374.55,770.2,107,0.882324,2,0,23,1241.41,835127
19148,2,server2,9,1435.31,770.2,108,0.587399,2,2,66,1475.47,495628
19163,2,server2,15,779.8,1503.08,109,1.48338,2,2,85,614816,1434.76
19.17,2,server2,15,779.8,1503.08,110,2.47872,2,2,85,705733,1270.37
19171,2,server2,3,779.8,1362.94,111,1.40615,2,1,47,1060,1144.99
19184,2,server2,11,779.8,1456.1,112,0.874767,2,1,31,1021.81,1555.4
19184,2,server2,11,779.8,1456.1,113,1.99358,2,1,31,481133,1749.96
19278,2,server2,19,779.8,1519.87,114,0.856061,2,1,38,1026.13,1310.87
19461,2,server2,13,1481.85,770.2,115,0.55692,2,2,89,1396.78,912962
20124,2,server2,5,1361.05,770.2,116,2.21739,2,2,94,1111.11,601731
20148,2,server2,9,1423.51,770.2,117,0.560388,2,2,101,1361.44,614927
20148,2,server2,9,1423.51,770.2,118,1.88253,2,2,1,,
20141,2,server1,10,770.2,124177,115,0.753068,1,1,47,955.62,354.3
20293,2,server1,2,770.2,219925,116,2.54379,1,1,34,571977,312.32
20303,2,server1,16,47.7065,779.8,117,1.43841,2,2,95,279.3,597083
20315,2,server1,18,770.2,35.7182,118,1.04715,2,2,77,743691,-26.8235
20476,2,server1,10,770.2,128469,119,1.49365,2,1,47,896077,224311
20604,2,server1,18,770.2,36.7231,120,1.88378,1,2,77,704746,-155215
21141,2,server1,10,770.2,138493,121,0.690935,2,2,101,645473,165251
21147,2,server1,20,31.3761,779.8,122,0.578645,1,1,51,53.7769,1017.62
21152,2,server1,14,770.2,81333,123,0.514021,2,2,79,845593,319408
21163,2,server1,18,770.2,40.2091,124,0.876123,2,1,48,839597,32.5475
21535,2,server1,20,32.5424,779.8,125,0.582554,2,1,51,3.32613,945.42
21568,2,server1,20,32.5424,779.8,125,0.57969,2,2,92,124456,705.78
21568,2,server1,20,32.5424,779.8,126,1.05499,2,2,92,-33.1669,962851
22107,2,server1,14,770.2,96.6758,127,0.662458,2,2,78,887397,122172
22116,2,server1,10,770.2,152837,128,0.900255,1,1,47,562.36,217069
22118,2,server1,18,770.2,47.6947,129,1.3537,2,1,36,796344,298024
22125,2,server1,14,770.2,96.6758,130,1.59173,2,2,78,734176,60.2598
22741,2,server1,20,36.8763,779.8,131,1.37242,2,2,76,-129274,976328
23138,2,server1,10,770.2,167183,132,0.531563,2,2,108,798401,391411
23139,2,server1,14,770.2,112736,133,1.08054,2,2,71,909613,-85.8411
23163,2,server1,18,770.2,57.0733,134,1.69689,2,2,73,813629,139.02
23186,2,server1,16,80.3954,779.8,135,2.05047,2,0,23,47.1027,850.47
23221,2,server1,20,41.0834,779.8,136,0.530677,2,2,77,-178345,682821
23.24,2,server1,6,770.2,221096,137,0.439959,2,2,83,1064.04,-26.7586
23.26,2,server1,4,225831,779.8,138,1.18191,2,2,93,215469,740.17
23269,2,server1,22,770.2,31.6296,139,0.585093,2,2,98,1018.55,-41.3507
23312,2,server1,8,209577,776.6,140,1.32362,2,0,27,307376,1074.62
23444,2,server1,20,42.4756,779.8,141,0.789722,2,2,77,337494,614361
23539,2,server1,6,770.2,225276,139,0.617643,2,2,83,678996,389414
23632,2,server1,20,43.9308,779.8,140,1.86455,2,2,76,22.1477,612879
23654,2,server1,22,770.2,32.8038,141,1.89417,2,2,107,956843,-36.0856
23679,2,server1,22,770.2,32.8038,142,2.58695,2,2,107,656644,139719
24.11,2,server1,10,770.2,181519,143,1.22813,2,2,87,530547,73.7221
24121,2,server1,14,770.2,128814,144,0.402842,1,1,52,531285,220717
24121,2,server1,14,770.2,128814,145,0.476208,2,1,52,586306,341
24132,2,server1,18,770.2,68.4527,146,1.16688,2,2,95,1004.16,366959
24139,2,server1,20,47.8865,779.8,147,1.48576,2,2,76,222.9,1046.31
24161,2,server1,22,770.2,34694,148,0.451286,2,2,91,591847,306094
24228,2,server1,18,770.2,69.7038,149,1.19491,2,2,95,490479,335061
24291,2,server1,0,318712,779.8,150,0.420465,1,1,30,541734,848427
24574,2,server1,20,51.3756,779.8,151,1.81728,2,2,76,224588,1030.56
25113,2,server1,14,770.2,144867,152,0.548439,2,1,41,537.12,-3.14319
25136,2,server1,22,770.2,39.9588,153,2.20083,2,1,31,610114,213.5
25147,2,server1,18,770.2,81.9877,154,1.4586,2,2,78,723253,274396
25147,2,server1,18,770.2,81.9877,155,2.17312,2,2,78,664227,256252
25218,2,server1,24,31.5843,779.8,156,1.18006,2,1,48,-253457,858298
25253,2,server1,10,770.2,197291,156,1.13318,2,1,33,581175,211377
25858,2,server1,24,33.4478,779.8,157,1.73612,2,1,48,-201674,565551
25882,2,server1,24,33.4478,779.8,155,2.58017,2,2,79,-107.16,758734
26125,2,server1,14,770.2,160936,156,0.483643,1,2,115,995.59,102983
26.13,2,server1,14,770.2,160936,157,0.524337,2,2,115,819407,254247
26149,2,server1,18,770.2,97.5739,158,0.74368,2,1,41,720543,-106421
26153,2,server1,22,770.2,47.2214,159,0.619228,2,1,35,1034.25,-50.2341
26223,2,server1,24,35.0911,779.8,160,0.407354,2,1,40,163501,877767
26443,2,server1,24,36.0273,779.8,160,1.62003,2,1,40,307554,668327
26553,2,server1,22,770.2,50.6255,161,1.15623,1,1,35,548122,74.9883
27114,2,server1,14,770.2,176995,162,0.480266,2,2,85,1030.46,-49.4116
27114,2,server1,14,770.2,176995,163,0.718927,2,2,85,880201,389531
27125,2,server1,18,770.2,113967,164,0.4599,2,2,97,961.23,-77.4482
27.13,2,server1,18,770.2,113967,165,0.73733,1,2,97,660054,-109653
27141,2,server1,22,770.2,56.3083,166,0.597915,1,2,103,949593,318727
27157,2,server1,20,80.6776,779.8,167,1.99066,2,1,55,255.52,697704
27184,2,server1,24,39945,779.8,168,1.18514,2,1,52,120144,755826
27214,2,server1,26,770.2,31.6473,169,1.61966,2,0,27,1032.78,250838
27268,2,server1,16,141.61,779.8,170,1.71888,2,0,29,433213,859316
27301,2,server1,10,770.2,225.97,169,0.681025,2,2,72,536847,248747
27358,2,server1,10,770.2,227408,170,2.12398,2,2,72,471179,313163
27373,2,server1,22,770.2,58.3466,171,1.75009,2,2,103,575396,196674
28125,2,server1,18,770.2,130365,172,0.635427,2,2,77,1016.24,337356
28228,2,server1,22,770.2,68572,171,0.551033,2,1,60,847776,-165919
28252,2,server1,24,48.2116,779.8,172,0.656178,2,2,74,21.7795,512253
28255,2,server1,8,290124,776.6,173,2.45616,1,1,44,371583,654811
28301,2,server1,28,30.1258,779.8,174,1.57001,2,2,93,239883,836434
28322,2,server1,12,208602,779.8,175,0.608646,1,2,95,195.36,789.77
28547,2,server1,26,770.2,36.7496,176,0.711998,2,2,86,1025.83,-261731
28576,2,server1,26,770.2,36.7496,176,0.994387,2,2,111,615676,-51551
28582,2,server1,26,770.2,36.7496,177,1.15244,2,2,111,916798,-113228
28709,2,server1,12,214224,779.8,178,2.37167,2,2,86,-57.8737,792346
28876,2,server1,28,30.7925,779.8,179,2.78211,1,2,93,310164,494831
28883,2,server1,24,52.7736,779.8,180,0.826744,2,2,74,178795,534641
29173,2,server1,22,770.2,80.3566,181,0.986711,2,1,60,738904,207496
29173,2,server1,28,31.4152,779.8,182,0.83833,2,2,113,-95405,699944
29178,2,server1,22,770.2,80.3566,183,1.28448,2,1,60,521.69,363501
29277,2,server1,18,770.2,148429,184,1.1722,2,2,91,947502,13.9785
29288,2,server1,14,770.2,210739,185,0.442833,2,2,89,629526,368387
29.29,2,server1,4,298358,779.8,186,1.95448,0,2,76,553.32,720413
29322,2,server1,26,770.2,41.5339,187,0.721849,2,0,32,837141,-203899
29411,2,server1,26,770.2,41.5339,188,0.794283,1,0,32,562776,228096
29.47,2,server1,14,770.2,213942,189,0.500424,2,2,89,508686,126.87
30112,2,server1,22,770.2,94.7373,190,1.20584,2,2,90,518418,19.2087
30126,2,server1,18,770.2,163194,191,0.600166,2,1,43,548.39,162681
30129,2,server1,26,770.2,47.5744,192,0.71146,1,0,31,638074,324824
30.15,2,server1,26,770.2,47.5744,193,1.19049,2,0,31,824394,-90.6852
30195,2,server1,28,34.6519,779.8,194,1.51014,2,2,100,76.8183,724657
30247,2,server1,6,770.2,318461,195,1.20523,2,1,64,1055.29,190.33
30253,2,server1,2,770.2,346153,196,1.85736,2,2,76,1049.65,232845
30262,2,server1,18,770.2,164832,197,0.656558,2,1,43,917988,426349
30289,2,server1,30,770.2,30.1259,198,0.618418,2,2,67,499627,76.4044
31108,2,server1,18,770.2,179608,199,0.438834,1,2,72,871843,-68.2858
31117,2,server1,22,770.2,109193,200,0.438783,2,2,105,999506,297416
31122,2,server1,26,770.2,56.8586,201,0.699232,2,2,107,809543,-86.0701
31123,2,server1,22,770.2,109193,202,1.34399,2,2,105,758783,245748
31124,2,server1,18,770.2,179608,203,0.854088,1,2,72,791488,298747
31162,2,server1,28,39.8795,779.8,204,0.545698,2,2,119,182.37,595556
31232,2,server1,30,770.2,31.7131,205,1.8413,2,2,90,627162,276714
31.3,2,server1,10,770.2,283331,206,0.403289,2,2,120,567173,409467
32123,2,server1,26,770.2,68086,207,0.404775,2,1,66,1042.58,52.4024
32136,2,server1,30,770.2,34.9085,207,0.749468,2,2,80,733879,-167533
32138,2,server1,22,770.2,123651,207,1.69202,2,2,76,904929,72.9769
32138,2,server1,28,46.9317,779.8,208,0.530262,2,2,115,87.2927,1073.55
32141,2,server1,12,263525,779.8,209,2.65367,2,1,46,92.3914,974638
32157,2,server1,16,214947,779.8,210,0.757002,2,2,84,109582,614519
32279,2,server1,30,770.2,35.3673,211,2.42829,2,2,67,908.43,307376
33155,2,server1,26,770.2,81.2585,211,2.00121,2,1,66,1017.37,113.87
33211,2,server1,20,155973,779.8,212,1.21369,2,2,83,-82.4768,764468
33228,2,server1,30,770.2,41.0358,213,1.20834,2,1,64,605.87,285697
34.11,2,server1,22,770.2,152521,212,0.687381,2,0,35,928217,333107
34115,2,server1,22,770.2,152521,212,0.696221,2,0,35,867692,-31.5577
34128,2,server1,30,770.2,47.8154,213,1.41739,2,2,104,549944,-208497
34183,2,server1,30,770.2,47.8154,214,2.85353,2,2,104,958.51,110987
34184,2,server1,26,770.2,95.8611,213,1.07289,2,2,122,626507,-84.4342
34243,2,server1,24,127623,779.8,214,1.08592,2,0,37,202778,828
34256,2,server1,18,770.2,230461,213,0.483109,2,1,57,672838,470921
34274,2,server1,0,458239,779.8,214,1.17858,2,2,83,435776,751881
34279,2,server1,24,127623,779.8,215,1.78746,2,0,37,232918,583729
34284,2,server1,2,770.2,396667,216,1.37001,2,1,61,609864,571007
35122,2,server1,22,770.2,166986,217,1.15549,2,1,46,835621,337699
35122,2,server1,26,770.2,110548,217,0.503232,2,1,43,487999,366595
35128,2,server1,22,770.2,166986,218,1.6096,2,1,46,1016.73,250907
35128,2,server1,26,770.2,110548,219,2.16862,2,1,43,965257,143934
35169,2,server1,6,770.2,385476,220,0.443848,2,1,69,542908,550.22
35235,2,server1,12,307185,779.8,221,0.708731,2,1,42,382662,969575
35244,2,server1,30,770.2,58.3474,222,0.407232,2,1,57,815588,239659
35299,2,server1,8,405289,776.6,223,0.643762,2,2,99,236216,502178
36122,2,server1,30,770.2,68.4628,224,0.731144,2,1,56,948701,-28.9386
36131,2,server1,4,381.84,779.8,225,1.1737,2,1,57,655833,487905
36137,2,server1,4,381.84,779.8,226,1.27784,2,1,57,281171,655665
36141,2,server1,26,770.2,125212,226,1.44231,2,2,82,800621,370096
36149,2,server1,22,770.2,181425,227,0.471855,2,1,46,563216,176499
36192,2,server1,22,770.2,181425,228,0.716918,2,1,46,989091,63604
36322,2,server1,20,196149,779.8,229,0.925911,2,1,43,431601,632999
36359,2,server1,20,196149,779.8,229,1.46639,2,1,43,443394,693784
37118,2,server1,30,770.2,79.7873,230,2.87646,1,2,101,767734,193028
37.14,2,server1,26,770.2,139872,231,0.410005,2,1,69,1049.3,74.5728
37.15,2,server1,10,770.2,367971,232,0.744162,2,2,94,625045,501663
37186,2,server1,18,770.2,278063,233,0.439418,2,2,116,688.15,437.94
37189,2,server1,26,770.2,139872,234,0.429134,2,1,69,517485,48.1569
37253,2,server1,18,770.2,279.71,235,0.440693,2,2,116,712585,431576
37292,2,server1,28,111516,779.8,236,0.4348,2,2,89,-64.3591,721282
37453,2,server1,28,114638,779.8,237,0.687117,2,2,79,269987,482164
38136,2,server1,26,770.2,154559,238,1.89482,2,1,52,571269,272622
38217,2,server1,16,306209,779.8,239,0.529604,2,0,39,396363,519656
38227,2,server1,10,770.2,383767,239,1.04057,2,0,39,973903,644585
38237,2,server1,16,306209,779.8,240,1.30926,1,0,39,135354,583049
38266,2,server1,30,770.2,92.2651,241,0.972218,2,0,39,642648,-36.5767
38291,2,server1,22,770.2,211765,242,0.69707,2,2,78,622571,60.5595
38.31,2,server1,24,188155,779.8,243,0.802387,2,2,96,430907,526794
38741,2,server1,30,770.2,97.9256,244,1.00838,2,0,39,901937,-43.2579
38754,2,server1,22,770.2,218992,244,0.908478,2,2,78,850522,505557
38793,2,server1,10,770.2,390934,245,2.07869,2,0,39,478367,396677
39117,2,server1,30,770.2,102454,246,0.697245,2,1,46,956.17,36.5972
39134,2,server1,30,770.2,102454,247,1.55864,2,1,46,608539,295169
39166,2,server1,26,770.2,169241,247,0.734423,2,2,82,597586,48.0533
39179,2,server1,14,770.2,369321,248,0.919434,2,1,67,860118,427344
39572,2,server1,14,770.2,375517,249,1.6804,2,1,67,696087,489315
39697,2,server1,26,770.2,176583,248,1.01871,2,2,82,1055.83,240331
40112,2,server1,26,770.2,183916,248,0.702435,2,0,40,724302,337775
40136,2,server1,30,770.2,113819,249,0.819175,2,1,68,876268,141559
40196,2,server1,30,770.2,113819,250,0.977004,2,1,68,697095,99.0555
40244,2,server1,20,245061,779.8,251,1.49842,2,1,66,305265,696889
40302,2,server1,20,245061,779.8,252,1.71773,2,1,66,468027,750525
40308,2,server1,12,377603,779.8,253,0.588663,2,1,71,312172,588.17
40317,2,server1,18,770.2,330574,254,1.75391,2,1,47,904164,72.8235
41116,2,server1,30,770.2,125144,255,1.36901,2,2,81,557031,337456
41128,2,server1,30,770.2,125144,256,1.51839,2,2,81,875255,344036
41.15,2,server1,8,502301,776.6,257,0.677489,2,1,51,512019,940957
41156,2,server1,28,172416,779.8,258,0.573672,2,2,105,200208,692248
41296,2,server1,2,770.2,485032,259,2.10443,2,1,58,700678,307677
42114,2,server1,30,770.2,136464,260,0.690969,2,1,74,958451,427724
42.12,2,server1,30,770.2,136464,259,0.764491,2,1,74,749233,-37.9034
42144,2,server1,24,244338,779.8,260,0.554623,2,2,125,36.8226,1058.95
42258,2,server1,26,770.2,214738,260,0.492932,2,1,52,680334,-53.8583
42.27,2,server1,26,770.2,214738,260,1.90923,2,1,52,875897,66.8171
43128,2,server1,30,770.2,147793,261,0.943074,1,1,61,708998,-72419
43273,2,server1,6,773.4,496492,262,0.752055,2,1,57,1041.93,409953
43282,2,server1,14,773.4,432058,263,1.78832,2,1,77,923906,491.82
44035,2,server1,14,773.4,444918,264,2.66254,2,1,77,815731,504023
44114,2,server1,30,770.2,159136,265,1.24621,2,1,57,662381,359153
44125,2,server1,30,770.2,159136,266,1.58909,1,1,57,1025.54,-44.1057
44135,2,server1,26,770.2,242641,267,1.70919,2,2,130,665386,73842
44211,2,server1,4,479855,779.8,267,0.505589,2,1,70,589419,607808
44233,2,server1,18,770.2,394585,266,0.765595,2,2,114,736798,416645
44.51,2,server1,4,483497,779.8,267,0.519724,2,1,70,490481,877555
44.51,2,server1,4,483497,779.8,268,1.11071,2,2,83,254881,781093
45123,2,server1,30,770.2,170486,269,0.475113,2,1,57,729679,-56.8719
45135,2,server1,30,770.2,170486,270,0.580199,2,1,57,846.07,138185
45237,2,server1,28,236494,779.8,271,0.928046,1,1,59,472679,673138
45289,2,server1,16,411001,779.8,272,1.63383,2,1,64,612206,776796
45582,2,server1,28,241184,779.8,273,1.45782,2,1,59,-65.8486,555738
45982,2,server1,16,421473,779.8,274,1.75203,2,1,64,161.15,890246
46119,2,server1,30,770.2,181842,275,0.417451,2,2,109,793509,-119.02
46151,2,server1,22,770.2,325938,276,0.818917,2,0,47,970889,105352
46.25,2,server1,22,770.2,327389,277,0.842922,2,0,47,1011.29,390529
47208,2,server1,26,770.2,286676,277,0.514017,1,1,60,863019,483585
48.17,2,server1,24,334421,776.6,278,1.65676,2,2,113,374559,702.69
48.19,2,server1,24,334421,776.6,279,1.69291,2,2,113,523537,766641
48255,2,server1,30,770.2,205695,280,1.24535,2,2,118,691125,455.69
48297,2,server1,0,653594,779.8,281,0.840905,1,2,127,660386,789707
50206,2,server1,22,770.2,383763,282,1.36254,2,1,72,588.27,342871
50.26,2,server1,20,370602,779.8,281,0.400006,2,1,79,446949,897114
50.29,2,server1,26,770.2,332186,282,0.686755,2,2,134,741098,434.32
50317,2,server1,2,770.2,599924,282,0.798888,2,2,91,662963,619537
51203,2,server1,30,770.2,238635,281,1.65638,2,1,67,553266,5.19497
51283,2,server1,30,770.2,239776,282,1.74263,2,1,67,876795,87.4142
52185,2,server1,8,683226,776.6,283,0.913928,2,1,61,721576,1042.7
52.27,2,server1,18,770.2,525929,278,0.699587,2,1,76,590.46,312127
52274,2,server1,12,546569,779.8,279,1.46149,2,2,95,275435,718002
53201,2,server1,6,773.4,634.27,280,0.658827,2,2,132,701648,766958
54155,2,server1,30,770.2,272661,279,0.905686,2,2,142,488.46,533576
54395,2,server1,30,770.2,274934,279,1.12696,2,2,142,978239,10.8971
55228,2,server1,26,770.2,405566,275,0.457665,2,2,93,569895,580811
55239,2,server1,16,560638,779.8,274,0.844205,2,2,130,680194,650932
55579,2,server1,16,565119,779.8,275,1.37376,2,2,130,318657,619329
56325,2,server1,24,458452,776.6,276,0.737046,2,1,81,528502,1066.2
56424,2,server1,24,459.96,776.6,274,0.77389,2,1,81,338612,678443
58141,2,server1,20,469772,779.8,275,1.22837,2,2,135,585611,770.31
58191,2,server1,20,469772,779.8,274,1.32821,2,2,135,234135,775369
59141,2,server1,14,773.4,687492,275,0.471332,2,2,104,706088,985003
61149,2,server1,30,770.2,352109,270,1.57683,2,1,93,538818,247871
61274,2,server1,10,770.2,712998,270,0.54495,2,2,113,499908,781278
61284,2,server1,18,770.2,673709,269,0.744574,2,2,106,954535,835.38
61313,2,server1,28,483279,776.6,270,0.573056,2,1,76,761678,486326
36836,2,server2,5,1144.65,770.2,342,0.411366,2,1,51,918.26,507521
36836,2,server2,5,1144.65,770.2,343,0.632658,2,1,51,929142,862658
37151,2,server2,11,779.8,1220.36,344,1.22832,2,1,44,566631,1279.86
37151,2,server2,11,779.8,1220.36,345,2.47469,2,1,44,639196,1115.84
37152,2,server2,15,779.8,1278.71,346,1.28142,2,1,55,634101,1318.35
37152,2,server2,19,779.8,1305.47,347,0.414687,1,2,81,1032.79,1544.44
37152,2,server2,19,779.8,1305.47,348,0.508631,2,2,81,769476,1417.16
37163,2,server2,15,779.8,1278.71,349,1.38674,2,1,55,547898,1556.7
37287,2,server2,9,1293.7,770.2,350,0.547327,2,1,40,1050.95,591256
37287,2,server2,9,1293.7,770.2,351,0.974054,2,1,40,1478.16,1000.31
37349,2,server2,3,779.8,1145.54,352,1.01192,2,2,115,884429,1011.95
37438,2,server2,23,779.8,1372.17,353,0.4017,2,2,74,599619,1631.63
37531,2,server2,21,1492.38,770.2,354,0.914447,2,1,47,1755.07,594589
37531,2,server2,21,1492.38,770.2,355,1.15445,2,1,47,1619.03,672388
37591,2,server2,27,779.8,1423.7,356,0.407751,2,1,67,768928,1472.36
37895,2,server2,1,1094.67,770.2,355,1.32739,2,1,56,1094.62,861524
37899,2,server2,1,1094.67,770.2,356,1.53127,2,1,56,1115.66,735.74
38111,2,server2,3,779.8,1133.47,357,0.490864,2,1,56,916573,1375.87
38119,2,server2,23,779.8,1358.21,358,0.663756,2,2,97,888434,1657.56
38123,2,server2,23,779.8,1358.21,359,0.706175,2,2,97,520433,1152.28
38145,2,server2,11,779.8,1207.27,360,0.958718,2,2,115,663783,1363.46
38147,2,server2,15,779.8,1265.89,361,1.01058,2,2,116,535507,1104.5
38147,2,server2,15,779.8,1265.89,362,2.1933,2,2,116,752179,1037.28
38149,2,server2,19,779.8,1291.26,363,0.754038,2,1,49,508.47,1271.5
38238,2,server2,5,1131.11,770.2,364,0.607121,2,2,95,1256.76,519006
38239,2,server2,5,1131.11,770.2,364,1.32481,2,2,95,1012.16,525865
38496,2,server2,29,1479.77,770.2,365,0.507907,1,1,58,1438.7,843161
38605,2,server2,13,1291.86,770.2,366,1.48559,2,2,75,1492.66,831879
38605,2,server2,13,1291.86,770.2,367,1.85549,2,2,75,1212.14,543296
38699,2,server2,13,1280.24,770.2,368,1.35038,2,2,114,1403.85,876707
38699,2,server2,13,1279.18,770.2,369,2.0557,2,2,114,1159.44,1067.91
38811,2,server2,29,1475.96,770.2,370,0.85438,2,1,52,1694.3,1047.42
38845,2,server2,27,779.8,1408.34,371,2.37244,2,2,83,1060.03,1226.09
38895,2,server2,27,779.8,1408.34,372,2.51616,2,2,83,858432,1343.7
38898,2,server2,5,1117.58,770.2,373,1.23464,2,1,53,1331.71,527893
38899,2,server2,5,1117.58,770.2,374,1.46238,2,1,53,884082,735192
39111,2,server2,29,1469.19,770.2,375,0.893813,2,1,52,1604.3,884493
39119,2,server2,23,779.8,1344.26,376,0.927445,2,2,93,572487,1569.41
39128,2,server2,15,779.8,1253.06,377,0.914454,2,1,45,993257,1345.77
39142,2,server2,3,779.8,1121.37,378,0.686511,1,1,56,777982,973571
39144,2,server2,11,779.8,1194.18,379,1.4655,2,2,106,532267,1223.46
39154,2,server2,19,779.8,1277.32,380,0.793683,2,1,73,571385,1034.06
39371,2,server2,13,1270.73,770.2,381,1.4564,2,1,65,1277.8,790101
39722,2,server2,9,1281.9,770.2,382,0.618042,2,1,63,1563.73,838248
40063,2,server2,27,779.8,1392.97,383,1.40064,2,1,52,661801,1119.57
40.12,2,server2,23,779.8,1330.31,384,1.25788,2,2,78,972.33,1256.73
40132,2,server2,27,779.8,1377.6,385,0.751346,2,1,47,1018.77,1642.7
40173,2,server2,23,779.8,1330.31,386,1.84361,2,2,78,619667,1114.85
40189,2,server2,11,779.8,1181.08,385,1.19806,2,0,41,538089,1190.23
40249,2,server2,9,1270.09,770.2,385,0.640621,2,2,106,1283.68,1068.9
40249,2,server2,9,1270.09,770.2,386,0.703722,2,2,106,1497.76,643363
40261,2,server2,3,779.8,1109.29,387,0.545288,2,1,72,754834,1120.34
40261,2,server2,3,779.8,1109.29,388,0.887103,2,1,72,1020.66,1093.97
40345,2,server2,15,779.8,1240.22,389,0.414814,2,2,92,1009.16,1484.44
40346,2,server2,15,779.8,1240.22,390,1.38801,1,2,92,1044.09,1075.14
40418,2,server2,19,776.6,1263.63,391,0.962173,2,2,126,1005.28,1494.99
40617,2,server2,27,779.8,1376.06,392,1.59949,2,1,47,888067,1417.32
40706,2,server2,29,1463.45,770.2,393,0.914198,2,1,63,1406.85,977748
41122,2,server2,11,779.8,1167.97,394,0.415595,2,1,54,613322,1229.87
41125,2,server2,23,779.8,1316.35,395,0.738545,2,1,50,731056,1313.16
41138,2,server2,11,779.8,1167.97,396,0.43583,2,1,54,608122,929174
41142,2,server2,15,779.8,1227.39,397,1.15963,2,1,70,693056,1404.36
41142,2,server2,15,779.8,1227.39,398,2.3486,1,1,70,698993,1263.62
41144,2,server2,19,776.6,1249.07,399,0.773383,2,2,82,967367,1381.98
41156,2,server2,27,779.8,1362.23,400,2.24135,2,2,121,741.41,1226.7
41163,2,server2,19,776.6,1249.07,401,1.29722,2,2,82,678681,1457.13
41241,2,server2,29,1457.42,770.2,402,1.77586,2,1,63,1484.69,676576
41268,2,server2,3,779.8,1097.23,400,0.520085,2,1,58,753016,998456
41942,2,server2,1,1081.72,770.2,401,0.774453,2,1,49,825962,593382
41946,2,server2,1,1081.72,770.2,398,1.05683,2,1,49,1088.18,899769
42.12,2,server2,23,779.8,1302.42,399,0.897691,2,1,48,513603,1571.55
42129,2,server2,15,779.8,1214.56,400,1.70667,2,1,55,877164,1401.25
42136,2,server2,15,779.8,1214.56,401,2.13138,2,1,55,733468,1310.06
42.14,2,server2,11,779.8,1154.89,401,1.85085,2,2,90,967234,1062.68
42223,2,server2,27,779.8,1346.85,402,1.14044,2,2,108,536524,1280.7
42273,2,server2,19,776.6,1234.24,403,1.12535,2,2,108,992411,1107.09
42321,2,server2,29,1445.3,770.2,404,0.458577,1,2,72,1676.12,569553
42636,2,server2,29,1440.74,770.2,405,0.618831,2,2,70,1686.39,939115
42836,2,server2,29,1436.2,770.2,405,0.469234,2,2,118,1624.97,815048
42848,2,server2,3,779.8,1085.14,406,2.12429,2,2,120,748488,1218.29
42849,2,server2,3,779.8,1085.14,407,2.71116,2,2,120,489003,885576
43115,2,server2,11,779.8,1141.8,408,0.539971,2,2,87,690145,909451
43141,2,server2,23,779.8,1288.46,409,0.726043,2,1,72,671341,1385.61
43147,2,server2,15,779.8,1201.73,409,1.1095,2,1,71,928911,1284.15
43156,2,server2,3,779.8,1073.06,410,0.799295,2,1,70,1020.17,1151.72
43402,2,server2,19,776.6,1219.43,411,0.700182,2,1,75,676061,1247.87
43404,2,server2,19,776.6,1219.43,412,0.737935,2,1,75,1028.34,1470.21
43667,2,server2,27,779.8,1331.5,413,1.09712,2,2,87,973371,1120.96
44112,2,server2,3,779.8,1060.97,414,0.51502,2,0,48,733607,1255.72
44123,2,server2,11,779.8,1128.7,415,0.564363,2,2,114,1052.11,1159.82
44144,2,server2,15,779.8,1188.9,416,0.912238,2,1,65,836596,1054.02
44171,2,server2,27,779.8,1316.14,417,1.30636,2,2,101,583434,1246.12
44207,2,server2,19,776.6,1204.62,417,1.25909,2,2,111,544807,1415.07
44256,2,server2,19,776.6,1204.62,418,1.60592,2,2,111,527535,1057.96
44261,2,server2,23,779.8,1274.52,419,1.03265,2,0,47,601525,993777
44847,2,server2,29,1433.17,770.2,420,0.704925,2,2,72,1665.03,1045.32
45122,2,server2,23,779.8,1260.56,421,2.39066,2,1,67,980263,1537.45
45122,2,server2,29,1433.17,770.2,422,0.942929,2,2,125,1460.36,825802
45128,2,server2,19,776.6,1189.81,423,0.674026,2,2,111,1018.97,1253.02
45.13,2,server2,11,779.8,1115.59,424,2.33149,2,1,74,1067.42,990707
45.15,2,server2,27,779.8,1300.78,425,1.12605,2,2,125,484628,1110.24
45.17,2,server2,11,779.8,1115.59,426,2.52508,2,1,74,965649,1245.67
45338,2,server2,3,779.8,1048.9,427,0.536548,2,1,74,818789,1077.03
45338,2,server2,3,779.8,1048.9,428,0.640183,2,1,74,848505,1188.12
45.5,2,server2,15,779.8,1176.06,429,1.85699,2,2,126,1045.7,1175.28
45534,2,server2,13,1260.18,770.2,430,1.42617,2,2,115,1370.42,472478
45534,2,server2,13,1260.18,770.2,431,1.88258,2,2,115,1226.36,990.28
45577,2,server2,29,1433.17,770.2,432,1.3601,2,2,115,1410.42,773401
45632,2,server2,13,1249.62,770.2,433,0.554566,2,1,47,994216,788589
45633,2,server2,13,1249.62,770.2,434,0.572177,2,1,47,1511.17,512152
45861,2,server2,21,1482.24,770.2,435,0.428096,2,2,88,1589.35,660263
46119,2,server2,3,779.8,1036.81,436,1.44763,2,1,60,826264,1068.41
46123,2,server2,3,779.8,1036.81,437,1.64054,2,1,60,717525,780844
46124,2,server2,13,1239.08,770.2,438,1.41542,2,2,123,1316.76,509239
46135,2,server2,11,779.8,1102.47,439,2.71174,2,2,112,802968,1219.29
46153,2,server2,19,776.6,1174.98,440,0.582577,2,1,78,748825,928839
46153,2,server2,19,776.6,1174.98,441,1.28399,2,1,78,609156,1471.65
46202,2,server2,13,1228.52,770.2,442,0.516612,2,2,132,1522.71,893422
46.26,2,server2,27,779.8,1285.42,443,1.04114,2,2,93,529623,1325.43
46.26,2,server2,27,779.8,1285.42,444,1.46068,2,2,93,680716,1238.03
46263,2,server2,15,779.8,1161.94,445,1.98461,2,2,123,1053.25,1408.56
46323,2,server2,23,779.8,1246.6,446,0.994427,2,1,60,748671,1278.08
46345,2,server2,23,779.8,1245.2,445,1.18622,2,1,60,959373,1487
46433,2,server2,13,1217.98,770.2,446,1.63728,1,2,97,1336.06,899723
46434,2,server2,13,1217.98,770.2,447,2.5734,2,2,97,1277.66,925374
46.56,2,server2,29,1425.57,770.2,448,0.847565,2,2,84,1243.43,1039.45
46647,2,server2,29,1410.41,770.2,448,0.623156,2,2,82,1435.83,720202
46648,2,server2,29,1410.41,770.2,449,1.30537,2,2,82,1643.5,822943
46681,2,server2,21,1482.24,770.2,450,0.573356,2,2,88,1612.25,746757
46731,2,server2,1,1068.77,770.2,451,1.59103,1,1,65,774384,548422
46955,2,server2,5,1104.07,770.2,452,0.576375,2,1,47,1149.49,613306
46955,2,server2,5,1104.07,770.2,453,1.5648,2,1,47,1167.08,913041
47123,2,server2,23,779.8,1232.67,454,0.776754,2,1,66,842292,1436.89
47147,2,server2,27,779.8,1270.08,455,1.01982,2,2,107,945574,1516.68
47214,2,server2,15,779.8,1150.38,456,1.22916,2,1,80,597.99,1182.78
47236,2,server2,11,779.8,1089.38,457,0.767726,1,2,100,601018,1305.52
47405,2,server2,3,779.8,1024.73,458,1.99068,2,1,73,544369,1179.43
47437,2,server2,11,779.8,1085.45,459,0.822616,2,2,100,994411,1142.11
47683,2,server2,19,776.6,1160.16,460,0.549829,2,1,74,885185,1293.57
47683,2,server2,19,776.6,1160.16,461,0.594615,2,1,74,509172,1311.51
47803,2,server2,15,779.8,1145.25,462,1.67238,2,1,80,708472,1188.11
48119,2,server2,11,779.8,1076.29,463,1.15615,1,0,52,1036.25,1015.52
48124,2,server2,11,779.8,1076.29,464,1.16825,2,0,52,606049,957397
48128,2,server2,19,776.6,1145.33,465,0.620002,2,1,56,679399,1401.34
48128,2,server2,19,776.6,1145.33,466,1.07492,2,1,56,696365,874632
48144,2,server2,15,779.8,1137.53,467,0.523216,2,2,95,731093,1422.21
48145,2,server2,27,779.8,1254.73,468,2.51001,2,1,68,1038.67,1334.56
48145,2,server2,27,779.8,1254.73,469,2.65925,2,1,68,1019.19,1005.3
48151,2,server2,3,779.8,1012.66,470,0.705264,2,1,77,679.95,1158.57
48155,2,server2,23,779.8,1218.72,471,0.888736,2,1,66,556111,1238.16
48.32,2,server2,15,779.8,1136.25,472,0.832865,2,2,95,906736,1274.59
48471,2,server2,5,1090.54,770.2,473,0.854064,2,1,61,1296.21,544627
48472,2,server2,5,1090.54,770.2,474,1.02945,2,1,61,1124.28,1043.41
48.59,2,server2,23,779.8,1213.14,475,0.466549,1,2,121,672161,1091.15
48647,2,server2,29,1395.25,770.2,476,0.947016,2,2,95,1544.21,479023
48663,2,server2,5,1077,770.2,477,0.799702,2,1,67,1034.95,786391
48677,2,server2,5,1068.89,770.2,478,1.85867,2,1,67,1137.87,997072
48679,2,server2,5,1059.44,770.2,479,0.944498,2,1,59,1230.07,969754
48683,2,server2,5,1049.97,770.2,480,0.433825,2,1,61,1026.09,1042.56
48683,2,server2,5,1048.62,770.2,481,0.444224,2,1,61,793688,841285
48687,2,server2,5,1036.46,770.2,482,0.674292,2,1,67,894354,654023
48687,2,server2,5,1035.11,770.2,483,1.3235,2,1,67,807953,665511
48693,2,server2,5,1022.94,770.2,484,1.00035,1,2,100,1026.35,803385
48745,2,server2,5,1005.37,770.2,485,1.67901,2,0,48,807597,1055.5
48745,2,server2,5,1005.37,770.2,486,1.82983,2,0,48,809073,997815
49116,2,server2,23,779.8,1204.76,487,1.03437,2,2,95,689721,1340.32
49135,2,server2,11,779.8,1063.18,488,1.88227,1,1,75,1000.62,1210.2
49199,2,server2,27,779.8,1239.39,489,1.28942,2,1,67,498167,1073.61
49344,2,server2,19,776.6,1130.5,488,0.968973,2,1,61,519272,1023.31
49.36,2,server2,5,995899,770.2,489,0.612478,2,0,48,787.83,978577
49.36,2,server2,5,995899,770.2,490,1.18056,2,0,48,817388,995289
49451,2,server2,3,779.8,1000.59,491,0.529605,2,1,60,844626,1287.66
49452,2,server2,3,779.8,1000.59,492,0.771094,2,1,60,558514,928945
49523,2,server2,13,1207.43,770.2,493,1.07924,2,1,68,1066.71,1016.08
49851,2,server2,15,779.8,1124.7,494,1.45534,2,0,51,539.75,1412.12
49853,2,server2,15,779.8,1124.7,495,1.52563,2,0,51,883991,1349.34
50117,2,server2,23,779.8,1190.82,496,1.56064,2,2,111,658762,1238.6
50132,2,server2,15,779.8,1111.85,497,0.711197,2,2,124,482863,889.81
50187,2,server2,21,1469.69,770.2,498,1.67009,2,2,77,1232.49,481992
50187,2,server2,21,1469.69,770.2,496,1.99673,2,2,77,1482.95,515957
50273,2,server2,29,1380.09,770.2,497,0.473539,2,2,114,1455.02,516867
50342,2,server2,29,1364.93,770.2,498,0.401744,2,1,76,1387.97,740007
50342,2,server2,29,1364.93,770.2,499,0.416687,2,1,76,1304.61,906989
50396,2,server2,11,779.8,1050.08,500,0.737622,2,2,86,715994,1149.69
50403,2,server2,29,1349.76,770.2,501,1.17356,2,2,108,1519.94,858.04
50403,2,server2,29,1349.76,770.2,502,1.4209,2,2,108,1577.61,842945
50482,2,server2,3,779.8,988512,503,1.73852,2,2,129,577587,1202.93
50483,2,server2,3,779.8,988512,504,1.81211,2,2,129,1004.4,1153.24
50499,2,server2,27,779.8,1222.49,505,0.543983,2,2,91,848308,1096.78
50522,2,server2,13,1196.88,770.2,506,0.883026,2,2,96,1492.27,903543
50523,2,server2,13,1196.88,770.2,507,0.9769,2,2,96,1475.61,730.76
50602,2,server2,13,1186.32,770.2,508,0.862459,1,0,47,1154.53,602756
50979,2,server2,5,982366,770.2,509,0.890687,2,2,102,1148.33,518518
51122,2,server2,23,779.8,1176.87,510,0.417013,2,2,102,551566,970434
51139,2,server2,11,779.8,1036.97,511,0.631876,1,1,85,906315,1086.69
51188,2,server2,19,776.6,1115.68,512,0.74372,2,2,97,599961,1397.22
51.19,2,server2,19,776.6,1115.68,512,2.23944,2,2,97,998846,1414.31
51354,2,server2,15,779.8,1099.02,513,0.619363,2,2,95,597239,1378.29
51354,2,server2,15,779.8,1099.02,514,0.742087,2,2,95,546232,937.33
51431,2,server2,19,776.6,1100.87,515,1.29273,2,2,135,478835,1191.41
51446,2,server2,27,779.8,1208.68,516,0.585164,2,2,123,794715,1455.28
51718,2,server2,21,1455.82,770.2,517,0.634059,2,2,117,1386.11,860.3
51.84,2,server2,13,1175.77,770.2,518,1.89374,2,1,79,1417.87,1045.84
51.84,2,server2,13,1175.77,770.2,519,2.00655,2,1,79,1117.38,901597
52058,2,server2,13,1165.22,770.2,520,1.57783,2,2,94,1417.47,1010.85
52.06,2,server2,13,1165.22,770.2,521,1.95303,1,2,94,1121.73,505789
52132,2,server2,11,779.8,1023.89,522,0.734708,2,2,125,649148,828621
52132,2,server2,11,779.8,1023.89,523,1.94197,1,2,125,984.49,1131.73
52163,2,server2,23,779.8,1162.91,524,0.757647,2,0,55,649093,1382.86
52163,2,server2,23,779.8,1162.91,525,0.807037,1,0,55,1003.18,1095.79
52.19,2,server2,19,776.6,1086.04,526,0.421455,2,2,125,848653,1171.38
52225,2,server2,15,779.8,1086.2,527,0.44521,2,1,63,561135,1298.21
52225,2,server2,15,779.8,1086.2,528,1.64005,2,1,63,497569,1076.61
52239,2,server2,13,1154.66,770.2,529,1.82631,1,2,115,1278.09,697529
52.31,2,server2,19,776.6,1086.04,530,0.545719,2,2,125,932.62,1217.9
52317,2,server2,27,779.8,1193.34,531,0.438656,2,2,99,921346,960356
52.37,2,server2,29,1327.03,770.2,532,1.48613,2,1,56,1111.24,939843
52375,2,server2,29,1317.92,770.2,533,1.75826,2,1,56,1597.18,640779
52378,2,server2,29,1314.88,770.2,534,1.07235,2,2,117,1492.31,1016.14
52406,2,server2,29,1304.26,770.2,535,0.87817,2,1,75,1492.14,752595
52406,2,server2,29,1304.26,770.2,536,1.25503,2,1,75,1148.99,559067
52.93,2,server2,3,779.8,976408,537,1.41008,1,1,76,613721,1241.99
52932,2,server2,3,779.8,976408,538,1.50956,2,1,76,997243,799361
53119,2,server2,15,779.8,1073.33,539,0.606399,2,1,77,892007,1012.93
53119,2,server2,15,779.8,1073.33,540,0.641294,2,1,77,746981,901037
53146,2,server2,11,779.8,1010.77,541,1.70009,1,0,53,766.83,1300.1
53201,2,server2,27,779.8,1177.99,542,0.500379,2,1,75,950689,946636
53403,2,server2,5,967485,770.2,541,0.401913,2,1,75,981279,662252
53445,2,server2,5,967485,770.2,542,0.423199,2,1,75,904304,735168
53447,2,server2,29,1289.09,770.2,543,0.431872,2,1,67,1208.43,914.11
53447,2,server2,29,1289.09,770.2,544,0.515615,2,1,67,1167.84,941122
53456,2,server2,23,779.8,1148.97,545,0.405434,2,1,62,592845,1147.85
53488,2,server2,29,1274.1,770.2,546,2.62542,2,1,78,1515.63,539172
53539,2,server2,19,776.6,1071.19,547,1.47451,2,2,102,569956,1343.12
53539,2,server2,19,776.6,1071.19,548,2.34075,2,2,102,937833,1229.37
54114,2,server2,15,779.8,1060.48,549,0.524771,2,2,123,883121,834381
54119,2,server2,15,779.8,1060.48,550,0.66016,2,2,123,753902,1181
54136,2,server2,27,779.8,1162.61,551,0.466542,2,2,96,544085,1293.69
54136,2,server2,27,779.8,1162.61,552,0.563354,2,2,96,599333,894356
54141,2,server2,11,779.8,997678,553,1.4171,1,1,68,507636,1258.27
54146,2,server2,23,779.8,1135.02,554,1.07369,2,1,64,672282,1142.03
54146,2,server2,23,779.8,1135.02,555,1.48093,2,1,64,800.26,933959
54239,2,server2,19,776.6,1056.36,556,0.435823,2,2,102,863176,1353.16
54413,2,server2,19,776.6,1053.39,555,0.66344,2,2,102,1049.24,1349.11
54753,2,server2,3,779.8,964336,556,0.91801,2,2,138,968.78,1053.38
55027,2,server2,5,955.32,770.2,557,1.03124,2,2,109,962725,596462
55027,2,server2,5,955.32,770.2,558,1.48581,2,2,109,842805,806923
55055,2,server2,5,941797,770.2,559,1.05242,2,1,76,754.38,748918
55084,2,server2,5,928276,770.2,560,0.504116,2,1,64,875446,744194
55084,2,server2,5,928276,770.2,561,0.517832,2,1,64,901479,606209
55126,2,server2,5,914753,770.2,562,0.699882,2,0,54,1127.59,665707
55132,2,server2,15,779.8,1047.65,563,0.470582,2,1,63,620611,1046.04
55132,2,server2,15,779.8,1047.65,564,0.521427,2,1,63,1032.84,870928
55145,2,server2,23,779.8,1121.09,565,1.09981,1,2,134,1064.7,979326
55145,2,server2,23,779.8,1121.09,566,2.40049,2,2,134,884444,1208.81
55185,2,server2,5,901235,770.2,567,1.64418,2,1,83,682152,621.54
55.26,2,server2,19,776.6,1041.54,567,0.783553,2,1,81,989364,804686
55.26,2,server2,19,776.6,1041.54,568,1.48671,2,1,81,1039.68,1134.69
55537,2,server2,27,779.8,1147.4,569,0.462909,1,2,114,991533,1029.09
55656,2,server2,13,1144.1,770.2,569,0.847169,1,2,133,977069,855046
55756,2,server2,1,1055.81,770.2,570,0.643458,2,2,85,1175.18,593659
55757,2,server2,1,1055.81,770.2,571,1.15548,2,2,85,1141.63,1057.49
56126,2,server2,15,779.8,1034.84,572,0.923538,2,0,57,652567,1276.33
56126,2,server2,15,779.8,1034.84,572,1.22043,2,0,57,986571,1299.49
56138,2,server2,27,779.8,1132.47,573,1.42778,2,2,110,893435,1154.67
56178,2,server2,23,779.8,1107.14,572,2.7004,2,1,89,720499,1237.38
56692,2,server2,1,1032.46,770.2,573,1.49085,2,2,107,951253,971812
56693,2,server2,1,1024.7,770.2,573,0.750229,1,1,50,910335,879332
56695,2,server2,1,1020.81,770.2,574,1.0827,2,1,50,742619,678986
56699,2,server2,1,1011.74,770.2,575,0.8334,2,2,88,823395,737651
56.7,2,server2,1,1007.86,770.2,576,1.76791,2,2,107,1270.16,876736
56721,2,server2,1,994892,770.2,577,0.537449,2,2,113,849216,530951
56721,2,server2,1,991,770.2,578,1.37336,2,1,58,881925,944675
56849,2,server2,1,978043,770.2,579,1.36871,2,2,124,682769,479298
56849,2,server2,1,965107,770.2,580,0.53985,1,1,53,1252.09,1028.37
56849,2,server2,1,963809,770.2,581,0.689929,2,1,53,741287,790082
56867,2,server2,1,952154,770.2,582,1.00324,1,1,55,970424,535861
56867,2,server2,1,952154,770.2,583,1.06483,1,1,55,843342,898.52
56918,2,server2,1,939193,770.2,584,0.510587,2,2,94,809.58,633149
56919,2,server2,1,939193,770.2,585,0.669068,2,2,94,1089.36,488827
56944,2,server2,1,926238,770.2,586,0.792973,2,2,87,895305,593009
56944,2,server2,1,926238,770.2,587,1.37493,2,2,87,1055.88,559621
56973,2,server2,1,913287,770.2,588,0.920899,2,2,108,662054,1029.11
56973,2,server2,1,913287,770.2,589,1.45482,2,2,108,1054.34,1011.5
57021,2,server2,1,900333,770.2,590,0.403496,2,2,111,756592,771139
57048,2,server2,1,887386,770.2,590,0.589726,2,1,63,1013.71,910216
57049,2,server2,1,887386,770.2,591,0.799162,2,1,63,1186.18,702692
57091,2,server2,1,874448,770.2,592,0.644124,2,1,67,955677,960896
57193,2,server2,15,779.8,1022.02,593,0.70665,2,1,85,989357,1275.56
57197,2,server2,15,779.8,1022.02,594,0.752072,2,1,85,748683,978064
57237,2,server2,23,779.8,1093.18,595,0.471109,2,2,141,878053,921692
57237,2,server2,23,779.8,1093.18,596,0.513174,2,2,141,1073.18,1156.01
57252,2,server2,21,1444.45,770.2,597,1.41214,2,1,46,1505.64,871284
57287,2,server2,1,861497,770.2,598,0.49037,2,2,92,897613,576874
57287,2,server2,1,861497,770.2,598,0.552617,2,2,92,755849,918973
57475,2,server2,5,887705,770.2,599,0.671976,2,2,133,597498,835199
57475,2,server2,5,887705,770.2,600,2.37458,2,2,133,827417,894118
57561,2,server2,27,779.8,1114.8,601,0.425169,2,2,119,607252,1108.33
57568,2,server2,27,779.8,1113.33,602,0.494873,2,2,119,989688,1102.87
57738,2,server2,29,1259.52,770.2,603,0.779684,2,2,116,1283.48,797072
57897,2,server2,1,848.55,770.2,604,0.763816,2,1,81,959583,790431
57897,2,server2,1,848.55,770.2,605,0.768034,2,1,81,659075,931081
58065,2,server2,29,1245.23,770.2,606,0.734616,2,1,58,1511.21,967762
58.15,2,server2,23,779.8,1079.23,607,0.400269,2,2,99,514017,1223.19
58.15,2,server2,23,779.8,1079.23,608,0.410099,2,2,99,859108,1066.61
58186,2,server2,27,779.8,1103.17,609,0.935997,2,1,76,748102,941852
58221,2,server2,1,835592,770.2,610,2.51851,1,2,143,1011.68,811985
58245,2,server2,27,779.8,1103.17,611,0.943404,2,1,76,639134,1066.81
58258,2,server2,15,779.8,1009.17,612,0.417049,2,2,122,984104,1046.36
58381,2,server2,11,779.8,984582,613,0.542355,2,2,115,1044.11,1244.39
58488,2,server2,1,822.66,770.2,612,0.581738,2,1,89,815786,943118
58689,2,server2,3,779.8,952238,613,1.8549,2,2,123,714628,888047
58837,2,server2,1,818774,770.2,614,1.17332,2,1,89,910298,946275
59123,2,server2,15,779.8,996332,615,0.661554,2,2,104,1069.05,779395
59.13,2,server2,23,779.8,1065.3,616,0.435513,2,2,130,720035,819378
59.13,2,server2,23,779.8,1065.3,617,0.599987,2,2,130,535641,800203
59364,2,server2,19,776.6,1026.7,618,0.490932,2,1,83,761256,1126.72
59364,2,server2,19,776.6,1026.7,616,0.555158,2,1,83,949002,1007.75
59559,2,server2,19,776.6,1011.88,617,1.67544,2,2,138,584756,987741
59.92,2,server2,9,1258.29,770.2,618,1.39798,2,2,120,1277.64,921.93
59.92,2,server2,9,1258.29,770.2,619,2.33762,2,2,120,1016.99,779455
59946,2,server2,13,1133.55,770.2,620,1.22267,1,0,54,1087.23,890328
60168,2,server2,9,1244.13,770.2,621,0.408807,2,2,82,1107.18,552907
60218,2,server2,9,1238.24,770.2,622,2.58498,2,2,82,1068,727071
60262,2,server2,9,1234.71,770.2,623,0.740029,2,2,119,1475.66,972318
60262,2,server2,9,1234.71,770.2,624,0.743207,2,2,119,1331.52,683767
60.44,2,server2,5,874175,770.2,625,0.977429,2,2,117,1131.26,822977
60444,2,server2,5,874175,770.2,624,1359,1,2,117,740314,601116
60522,2,server2,5,860659,770.2,625,0.554008,2,0,61,676252,940449
60645,2,server2,5,847136,770.2,626,1.03022,1,2,97,782587,1014.25
60645,2,server2,15,779.8,983.5,627,0.612542,2,1,76,501542,994.94
60893,2,server2,27,779.8,1088.74,628,0.87965,2,2,147,1011.35,1060.15
60893,2,server2,27,779.8,1088.74,629,1.58929,2,2,147,629057,1245.35
60958,2,server2,23,779.8,1051.34,630,0.455853,1,2,145,701105,1026.77
61093,2,server2,1,809704,770.2,631,2.27222,2,2,105,1058.82,855643
61122,2,server2,23,779.8,1037.4,632,1.23701,2,1,77,1062,823128
61282,2,server2,15,779.8,970664,633,1.26332,2,2,149,805902,1002.65
61283,2,server2,15,779.8,970664,634,1.48128,2,2,149,883311,959883
61354,2,server2,11,779.8,971476,635,0.544329,2,1,76,994804,708116
61626,2,server2,29,1231.18,770.2,636,0.691471,2,2,120,1159.02,1034.9
61742,2,server2,29,1216.56,773.4,635,0.423731,2,2,136,1305.93,689714
61868,2,server2,27,776.6,1069.04,636,1.32521,2,2,108,722953,831083
62073,2,server2,29,1201.4,773.4,637,0.860335,2,1,68,954848,531645
62195,2,server2,27,776.6,1058.31,638,0.421715,2,1,74,1053.2,872776
62198,2,server2,27,776.6,1058.31,634,0.475493,2,1,74,673549,799727
62209,2,server2,23,779.8,1023.43,635,0.909245,2,1,82,690644,1079.29
62218,2,server2,23,779.8,1023.43,636,1.07862,2,1,82,659416,867461
62256,2,server2,15,779.8,957845,637,0.953712,2,1,70,726311,859326
62568,2,server2,27,776.6,1042.93,638,0.672421,2,0,65,620362,1287.84
62963,2,server2,21,1431.85,770.2,635,0.510007,2,2,111,1460.12,566.79
63059,2,server2,19,776.6,979262,636,1.81964,2,1,72,694.12,1060.25
63161,2,server2,9,1222.92,770.2,637,1.94726,2,1,55,1296.05,520736
63245,2,server2,27,776.6,1027.59,636,0.693405,2,1,94,549571,730821
63246,2,server2,27,776.6,1027.59,637,0.973148,2,1,94,1072.92,1086.01
63332,2,server2,8,865908,776.6,638,0.855979,2,1,94,1008.69,563488
63455,2,server2,9,1211.12,770.2,639,0.459231,2,2,110,955941,960565
63459,2,server2,9,1211.12,770.2,640,0.487695,2,2,110,1458.04,843063
63544,2,server2,11,779.8,958379,641,1.63108,2,1,75,1070.25,773704
63544,2,server2,11,779.8,958379,642,1.69853,2,1,75,577741,1110.1
63918,2,server2,21,1431.85,770.2,643,0.55477,2,2,111,1302.48,636.81
63976,2,server2,29,1186.23,773.4,644,0.5316,2,2,120,1123.12,719513
64063,2,server2,29,1171.07,773.4,645,0.574335,2,1,68,1170.36,501162
64063,2,server2,29,1171.07,773.4,646,0.969462,2,1,68,1217.56,715913
64155,2,server2,29,1155.91,773.4,647,1.6428,2,1,78,1131.36,858195
64155,2,server2,29,1155.91,773.4,644,1.7287,2,1,78,1293.93,1051.59
64254,2,server2,15,779.8,945006,645,0.585947,2,2,129,644.44,1166.87
64254,2,server2,15,779.8,945006,642,0.947208,2,2,129,1054.56,973634
64439,2,server2,13,1123,770.2,643,0.862211,2,2,96,1009.75,532583
64543,2,server2,19,776.6,964431,644,0.425378,2,1,89,695725,753675
64543,2,server2,19,776.6,964431,645,0.474077,2,1,89,608983,966718
64543,2,server2,19,776.6,964431,646,2.32104,2,1,72,725365,1223.68
64543,2,server2,19,776.6,964431,647,0.666775,2,2,94,689816,851462
64573,2,server2,19,776.6,952.58,648,1.97746,2,1,94,768608,1145.93
64627,2,server2,23,779.8,1009.49,649,0.499723,2,2,111,517657,1290.45
64758,2,server2,23,779.8,995543,650,1.42856,2,2,138,904198,804578
64759,2,server2,23,779.8,995543,651,1.90206,2,2,138,719633,1155.66
64973,2,server2,19,776.6,936258,652,1.17683,2,2,147,502187,1059.06
65142,2,server2,23,779.8,981579,652,0.656925,2,1,88,1003.66,1186.07
65152,2,server2,15,779.8,932175,651,0.511979,2,2,147,983568,1203.27
65202,2,server2,15,779.8,932175,652,2.20342,2,2,147,671.41,733489
65233,2,server2,19,776.6,922927,653,2.29955,2,1,81,774891,1005.14
65324,2,server2,9,1199.3,770.2,654,0.950282,2,1,47,1445.61,684244
65324,2,server2,9,1199.3,770.2,655,1.39125,2,1,47,908362,986212
65324,2,server2,19,776.6,906612,656,0.604409,2,1,87,781629,1206.09
65328,2,server2,19,776.6,905131,657,0.665751,2,1,87,753.08,729036
65392,2,server2,19,776.6,893277,658,0.639901,2,2,105,702915,884257
65392,2,server2,19,776.6,893277,659,1.10399,2,2,105,600184,1024.12
65442,2,server2,9,1187.51,770.2,660,1.16066,2,2,106,1343.41,723798
65495,2,server2,9,1175.71,770.2,661,0.491608,2,1,59,1124.32,841166
65499,2,server2,9,1174.53,770.2,662,2.2923,2,1,59,1425.97,470369
65945,2,server2,3,779.8,940155,663,0.885903,2,2,114,1055.68,1041.23
65945,2,server2,3,779.8,940155,664,0.93563,2,2,114,861.76,1199.37
66.13,2,server2,9,1152.1,770.2,665,1.61856,2,2,116,1318.05,772772
66.13,2,server2,9,1150.92,770.2,666,2.27693,2,2,116,1024.1,1051.61
66.13,2,server2,9,1135.58,770.2,667,0.523285,2,1,68,934619,665249
66.13,2,server2,9,1129.68,770.2,668,0.875665,2,1,68,1130.19,1046.06
66.13,2,server2,9,1128.5,770.2,669,0.405917,2,1,66,1267.52,1046.95
66264,2,server2,0,903297,779.8,670,0.519719,2,0,65,811149,849715
66329,2,server2,9,1116.7,770.2,670,2.06271,2,1,60,822418,651612
66357,2,server2,23,779.8,967627,671,0.649436,2,0,68,680387,1138.15
66358,2,server2,23,779.8,967627,672,1.13542,1,0,68,605789,751934
66379,2,server2,19,776.6,878464,673,0.69479,2,1,84,814408,740374
66.38,2,server2,19,776.6,878464,674,1.59255,2,1,84,623621,1166.03
66534,2,server2,27,776.6,1012.23,675,2.21044,2,1,82,746822,1268.59
66829,2,server2,9,1096.63,770.2,673,0.563454,2,1,61,983959,632.1
66859,2,server2,9,1096.63,770.2,674,0.591411,2,1,61,1296.58,901075
67038,2,server2,27,776.6,996853,675,0.530668,2,2,142,489072,1009.65
67044,2,server2,9,1093.1,770.2,676,0.440388,2,1,80,1201.63,526454
67135,2,server2,0,906081,779.8,677,1.40928,2,0,65,683194,1077.7
67209,2,server2,9,1081.29,770.2,674,1.63369,1,2,87,1055.92,517197
67.25,2,server2,27,776.6,981502,672,0.831545,2,0,70,640012,966798
67253,2,server2,0,908872,779.8,673,1.66106,2,1,78,634282,996803
67253,2,server2,0,908872,779.8,674,1.72561,2,1,72,957008,832579
67253,2,server2,0,908872,779.8,675,1.74664,2,1,81,674288,1061.45
67253,2,server2,0,908872,779.8,676,1.90005,1,1,78,818962,620425
67253,2,server2,0,908872,779.8,677,0.464993,2,2,150,815113,819457
67253,2,server2,0,908872,779.8,678,0.572575,2,2,155,1055.59,682624
67253,2,server2,0,908872,779.8,679,0.585858,2,2,150,651924,769594
67253,2,server2,0,908872,779.8,680,1.26728,2,2,155,673356,676929
67547,2,server2,23,779.8,953671,681,0.783483,2,1,94,823251,832.16
67548,2,server2,23,779.8,953671,680,1.16072,2,1,94,727219,774384
67603,2,server2,9,1069.48,770.2,681,0.404417,2,1,73,964432,897405
67603,2,server2,9,1068.3,770.2,682,0.510231,2,1,73,1167.76,586.92
67605,2,server2,9,1057.66,770.2,683,0.697313,2,2,98,892465,1062.21
67624,2,server2,15,779.8,919348,684,2.40381,2,2,149,669648,946944
67.65,2,server2,9,1045.87,770.2,685,1.35194,2,2,112,1145.18,907034
67.65,2,server2,9,1031.72,770.2,686,1.24944,2,0,53,934027,865299
67841,2,server2,9,1022.28,770.2,687,1.12662,2,1,68,1121.47,867306
67888,2,server2,27,776.6,966143,688,0.57352,2,2,115,735745,812.71
67889,2,server2,27,776.6,966143,689,0.734254,2,2,115,717172,1012.75
68047,2,server2,8,879057,776.6,690,1.39185,2,1,82,793274,844832
68223,2,server2,23,779.8,939715,691,0.536765,2,2,136,649.96,1098.3
68225,2,server2,9,1010.49,770.2,692,1.86872,2,1,71,1180.06,541988
68226,2,server2,9,998701,770.2,693,2.70461,2,1,87,796838,610481
68228,2,server2,9,986898,770.2,694,0.553156,2,2,93,1212.09,592003
68228,2,server2,9,986898,770.2,695,0.819347,2,2,93,826862,500655
68233,2,server2,9,975086,770.2,696,0.495658,1,2,97,1054.66,540367
68263,2,server2,9,963269,770.2,697,0.415534,2,2,116,777979,596274
68293,2,server2,9,951447,770.2,698,0.894921,2,2,146,1156.75,1044.78
68596,2,server2,27,776.6,950761,699,0.41141,2,1,100,942.29,673598
68.6,2,server2,27,776.6,950761,700,0.422237,2,1,100,752184,1058.1
68668,2,server2,29,1140.74,773.4,701,0.477929,2,2,102,1307.94,1059.28
68668,2,server2,29,1140.74,773.4,702,0.795885,2,2,102,1420.17,948857
68995,2,server2,15,779.8,906513,703,0.571102,2,2,109,938.28,689907
69.03,2,server2,29,1125.58,773.4,701,0.560455,2,1,91,1152.76,991302
69.03,2,server2,29,1125.58,773.4,702,1.02121,2,1,91,1279.21,920787
69152,2,server2,27,776.6,935404,703,1.06568,2,1,94,949905,797146
69207,2,server2,21,1419.26,770.2,702,1.07774,2,2,98,1662.71,960161
69.23,2,server2,8,879057,776.6,703,1.43869,2,1,82,822131,514613
69.23,2,server2,8,879057,776.6,704,2.40872,2,1,83,1008.04,785426
69243,2,server2,8,880701,776.6,705,1.26463,1,2,128,1106.11,742234
69335,2,server2,13,1112.44,770.2,706,1.4148,2,0,56,1175.45,512.51
70146,2,server2,15,779.8,893696,707,0.555653,2,2,105,791396,809294
70146,2,server2,15,779.8,893696,706,1.17669,2,2,105,836956,899671
70211,2,server2,27,776.6,920053,707,1.01732,2,1,100,688.9,1115.63
70221,2,server2,27,776.6,920053,708,1.22244,2,1,100,1053.59,909054
70768,2,server2,5,833608,770.2,709,1.45666,2,1,73,571.27,670324
70768,2,server2,5,833608,770.2,710,1.50214,2,1,73,887007,494916
70894,2,server2,19,776.6,863628,711,0.402075,2,2,142,848275,704263
70896,2,server2,19,776.6,863628,712,0.974661,2,2,142,816555,843487
71242,2,server2,0,917232,779.8,713,1.12355,2,2,121,710539,728697
71458,2,server2,9,939652,770.2,710,492,1,2,142,923813,953116
71568,2,server2,9,927855,770.2,711,1.27007,2,2,142,1080.22,523506
71589,2,server2,9,916068,770.2,712,0.852218,2,2,147,697018,576.98
71971,2,server2,23,779.8,925.79,713,1.19741,2,2,133,624264,1064.05
72018,2,server2,27,776.6,904708,714,1.19685,2,2,107,667312,1189.38
72161,2,server2,0,931.17,779.8,715,0.675133,2,2,142,1132.29,605393
72167,2,server2,0,931.17,779.8,713,0.827251,2,2,142,754031,486949
72444,2,server2,8,898816,776.6,714,0.447718,2,1,94,955818,981111
72545,2,server2,23,779.8,911851,715,0.926392,2,1,102,597422,1189.19
72.72,2,server2,8,898816,776.6,716,0.685943,2,1,94,703945,835076
72962,2,server2,8,913608,776.6,715,1.18171,2,2,107,740959,995866
72962,2,server2,8,913608,776.6,716,1.81948,2,2,107,808.47,811.13
73154,2,server2,8,931699,776.6,717,0.470018,2,1,94,962399,1052.99
73419,2,server2,29,1110.42,773.4,717,0.469382,2,1,88,956634,580049
73445,2,server2,29,1095.24,773.4,716,1.1351,2,1,93,978891,1063.48
73526,2,server2,0,945.12,779.8,717,1.95987,2,0,71,1141.76,481983
73535,2,server2,0,945.12,779.8,716,1.97156,2,0,71,1238.19,827932
73758,2,server2,0,959074,779.8,717,0.678929,2,1,86,889876,494109
73759,2,server2,0,973032,779.8,716,0.961316,2,2,134,776085,748014
73942,2,server2,13,1101.9,770.2,717,1.78923,2,2,137,1228.76,944136
73942,2,server2,13,1101.9,770.2,718,2.31324,1,2,137,867253,504144
74041,2,server2,29,1080.08,773.4,719,0.751598,1,2,151,1347.26,768166
74201,2,server2,8,938267,776.6,720,0.56915,2,1,94,999.92,848737
74746,2,server2,21,1406.64,770.2,714,1.40033,2,2,96,1261.15,552865
74784,2,server2,13,1091.34,770.2,714,1.08893,2,2,113,1266.02,770063
74843,2,server2,21,1405.38,770.2,715,1.7503,2,2,96,1654.2,1013.96
75474,2,server2,29,1064.92,773.4,716,2.17923,2,2,123,923428,646.68
75534,2,server2,29,1049.74,773.4,715,0.594641,2,2,119,1200.86,553784
75867,2,server2,0,986973,779.8,716,0.475546,2,1,99,969.25,880679
76076,2,server2,8,946489,776.6,717,0.773099,1,1,87,923775,548195
76079,2,server2,8,946489,776.6,718,1.21236,2,1,87,1140.78,899655
76144,2,server2,8,962952,776.6,719,1.37949,2,2,143,751648,769614
76394,2,server2,16,860763,776.6,718,0.624093,2,1,97,690559,921715
76456,2,server2,8,979412,776.6,716,1.17724,2,1,76,822065,961312
76496,2,server2,8,982703,776.6,716,1.64116,2,1,76,771191,1011.63
76.57,2,server2,8,995856,776.6,717,1.39385,2,2,133,1274.5,881159
76654,2,server2,1,795452,770.2,718,1.26318,2,1,90,559.55,958466
76681,2,server2,1,794155,770.2,719,1.52358,2,1,90,589301,798747
76821,2,server2,8,1012.32,776.6,720,0.576606,2,2,155,849755,567368
76821,2,server2,8,1012.32,776.6,719,0.757627,2,2,155,1081.3,963951
76903,2,server2,8,1028.76,779.8,720,1.5075,2,2,132,1314.75,751008
77265,2,server2,2,770.2,763599,721,0.508837,2,1,102,834804,941768
77472,2,server2,2,770.2,763599,718,0.511106,2,1,98,856223,997.37
77472,2,server2,2,770.2,763599,717,0.514856,2,1,98,1061.38,979459
77491,2,server2,2,770.2,763599,718,0.782933,2,1,98,764073,1061.14
77491,2,server2,2,770.2,763599,719,0.806404,2,1,102,513632,864501
77491,2,server2,2,770.2,763599,720,1.01757,2,1,88,800723,785833
77491,2,server2,2,770.2,763599,721,1.2783,2,1,75,632811,815601
77491,2,server2,2,770.2,763599,722,1.3197,2,1,96,1013.07,629164
77491,2,server2,2,770.2,763599,723,1.39578,2,1,92,640735,979914
77491,2,server2,2,770.2,763599,724,1.67684,2,1,88,636199,546539
77491,2,server2,2,770.2,763599,725,1.84354,2,1,97,771537,1025.2
77491,2,server2,2,770.2,763599,726,2.1368,2,1,75,660772,786.69
77492,2,server2,2,770.2,763599,727,0.434748,2,2,153,709364,974551
77492,2,server2,2,770.2,763599,728,0.454344,2,2,138,903989,494505
77492,2,server2,2,770.2,763599,729,0.457925,2,2,153,924762,697.56
77492,2,server2,2,770.2,763599,730,0.479852,2,2,138,1040.88,708385
77492,2,server2,2,770.2,763599,731,0.52978,2,2,154,712168,783559
77492,2,server2,2,770.2,763599,732,1.1198,2,2,152,881549,632995
77492,2,server2,2,770.2,763599,733,1.43976,2,2,145,782644,677558
77492,2,server2,2,770.2,763599,734,1.75963,2,2,152,884402,923135
77845,2,server2,16,865011,776.6,735,0.801861,2,1,86,1026.92,611412
77848,2,server2,29,1034.82,773.4,736,0.45095,2,2,145,999379,639195
77848,2,server2,29,1034.82,773.4,737,1.57266,2,2,145,833836,801526
77855,2,server2,16,865011,776.6,738,0.881015,2,1,101,1099.14,1057.86
78233,2,server2,0,1000.92,779.8,739,1.9388,2,2,154,1133.89,1050.38
78477,2,server2,27,776.6,889348,738,0.662645,2,1,100,627497,681243
78484,2,server2,27,776.6,889348,738,1.46572,2,1,100,627564,1126.52
78539,2,server2,29,1020.39,773.4,739,1.80288,2,2,107,1150.78,872.34
78573,2,server2,29,1006.37,773.4,739,1.0437,2,1,93,876314,903124
78573,2,server2,29,992629,773.4,740,0.871039,2,2,122,1282.34,887.38
78725,2,server2,29,979155,773.4,741,1.05051,2,2,146,875471,643393
78725,2,server2,29,979155,773.4,742,1.19005,2,2,146,1015.46,570977
78897,2,server2,1,783803,770.2,743,0.493649,1,1,71,555917,693687
78897,2,server2,1,783803,770.2,744,0.666759,2,1,71,541839,928.76
79292,2,server2,23,779.8,896543,745,0.580782,2,1,92,1076.17,724765
79298,2,server2,23,779.8,884009,742,2.06233,2,2,114,613027,965977
79318,2,server2,23,779.8,870063,743,0.647814,2,1,90,991826,1167.67
79319,2,server2,23,779.8,868666,744,0.91138,2,1,90,719772,1150.06
79332,2,server2,23,779.8,856.13,745,0.89248,2,0,78,783025,601491
79348,2,server2,16,865011,776.6,746,1.12758,2,1,86,676.46,805494
79348,2,server2,16,865011,776.6,747,0.486359,2,2,121,766534,1070.88
79348,2,server2,23,779.8,842459,748,0.76188,2,1,95,1030.87,1005.15
79348,2,server2,23,779.8,841196,749,1.22072,1,1,95,532.05,987338
79353,2,server2,16,865011,776.6,750,0.538827,2,2,138,811705,762114
79.36,2,server2,23,779.8,831147,751,0.404305,2,1,86,716725,1017.03
79361,2,server2,23,779.8,831147,752,0.405671,1,1,86,516291,897912
79363,2,server2,16,865011,776.6,753,0.701653,2,2,124,917162,694387
79373,2,server2,16,865011,776.6,754,0.938843,2,2,124,1040.77,785965
79374,2,server2,23,779.8,822525,755,1.02871,2,2,133,729925,1106.19
79374,2,server2,23,779.8,822525,756,1.49068,2,2,133,755864,549083
79383,2,server2,16,865011,776.6,757,1.11652,2,2,162,694617,561615
79392,2,server2,23,779.8,816449,758,1.40805,2,2,123,1055.23,710.6
79398,2,server2,16,865011,776.6,759,1.52337,2,2,162,984601,988794
79421,2,server2,23,779.8,812618,760,0.571787,2,2,149,770885,615184
79467,2,server2,8,1045.21,779.8,761,0.758026,2,2,126,983535,543534
79652,2,server2,21,1394.03,770.2,762,0.572104,2,2,110,1210.09,542346
80259,2,server2,8,1061.65,779.8,763,1.43732,2,1,101,1022.14,876198
80299,2,server2,8,1078.09,779.8,763,0.476213,1,0,76,1054.72,1042.9
80344,2,server2,23,779.8,810519,764,0.61472,2,1,111,853677,683875
80345,2,server2,23,779.8,810519,765,1.9191,2,1,111,502403,693322
80409,2,server2,2,770.2,763599,766,0.454683,2,2,127,834003,569.45
80415,2,server2,2,770.2,763599,767,0.963134,2,2,127,778207,630867
81167,2,server2,23,779.8,809538,768,0.527439,2,2,136,861539,1013.2
81167,2,server2,23,779.8,809538,763,0.733637,2,2,136,505311,959.1
81372,2,server2,21,1392.77,770.2,764,1.12204,2,2,110,1196,896055
81536,2,server2,16,872.09,776.6,761,0.455401,2,1,111,794282,978568
81648,2,server2,27,776.6,873.98,762,0.490147,1,2,117,1017.48,1154.49
81655,2,server2,27,776.6,873.98,763,0.628127,1,2,117,870347,1061.1
82021,2,server2,27,776.6,858629,764,0.601831,2,2,132,797876,803.01
82021,2,server2,27,776.6,858629,764,0.608943,2,2,132,669.5,910943
82216,2,server2,27,776.6,843261,765,1.98732,2,0,77,851.53,645224
82217,2,server2,27,776.6,829407,766,1.41074,2,1,107,684373,1054.41
82218,2,server2,27,776.6,822668,767,1.5478,2,1,107,689035,620742
82219,2,server2,27,776.6,817933,768,1.05543,1,2,153,842564,1071.14
82221,2,server2,27,776.6,811281,769,1.7454,2,2,132,826849,894408
82521,2,server2,27,776.6,806401,770,0.755199,2,0,79,749883,751111
82648,2,server2,27,776.6,803628,770,2.62806,2,2,163,686644,948708
82651,2,server2,27,776.6,802287,771,0.953984,2,1,98,704.97,1088.29
82752,2,server2,27,776.6,801.8,772,1.10417,2,1,98,941916,938058
82781,2,server2,27,776.6,801727,773,0.427033,2,1,101,836422,509511
82.94,2,server2,0,1014.86,779.8,774,0.74633,2,1,92,1147.58,986564
83194,2,server2,27,776.6,801.52,775,0.429402,2,2,120,621177,605376
83259,2,server2,29,965899,773.4,766,0.428907,2,2,126,829362,880.38
83263,2,server2,29,952758,773.4,766,0.701694,2,2,118,1149.82,858548
83265,2,server2,29,939761,773.4,767,0.572208,2,2,130,1202.78,1016.5
83266,2,server2,29,926.86,773.4,768,0.405015,1,1,99,942225,920888
83545,2,server2,23,779.8,809138,769,0.521701,2,2,149,1079.57,627891
83548,2,server2,23,779.8,809138,770,1.7875,2,2,149,592759,737488
83851,2,server2,23,779.8,808.99,771,0.405791,2,2,127,949167,701111
83851,2,server2,23,779.8,808.99,772,0.420413,2,2,127,873901,770893
84123,2,server2,27,776.6,801445,773,1.54617,2,1,112,513901,641624
84129,2,server2,23,779.8,808936,774,0.608453,1,1,114,662597,872264
84329,2,server2,21,1381.45,770.2,774,0.407194,2,2,86,1581.18,1034.32
84428,2,server2,2,770.2,763599,771,0.782723,2,2,118,810356,517663
85324,2,server2,24,895709,779.8,770,0.40971,2,1,107,763829,504.24
85343,2,server2,23,779.8,808916,766,0.404663,2,2,151,911624,871.67
85343,2,server2,23,779.8,808916,766,0.541775,2,2,151,809276,534376
85344,2,server2,27,776.6,801415,767,0.555313,2,1,100,487524,656709
85439,2,server2,27,776.6,801414,768,1.4541,2,1,100,1047.85,777356
85751,2,server2,21,1380.19,770.2,769,0.414631,1,2,86,1159.3,865652
85822,2,server2,8,1094.54,779.8,770,0.671096,1,2,161,844.47,724267
85822,2,server2,8,1094.54,779.8,771,1.5828,2,2,161,1167.06,938796
86038,2,server2,9,904.27,770.2,772,1.76522,1,1,76,857024,970257
86.05,2,server2,9,890.09,770.2,770,0.483081,2,0,68,1159.86,554225
86178,2,server2,8,1112.63,779.8,771,0.541666,1,2,165,1017.26,793336
86178,2,server2,8,1115.92,779.8,769,0.682487,2,2,165,1135.05,595.76
86196,2,server2,27,776.6,801408,770,0.476873,2,2,122,636388,903989
86226,2,server2,24,900.25,779.8,771,0.416058,1,1,107,1102.97,866951
86226,2,server2,24,900.25,779.8,772,0.420027,2,2,126,769084,643355
86256,2,server2,24,900.25,779.8,773,0.421591,2,2,137,722092,565695
86256,2,server2,24,900.25,779.8,774,0.945701,2,2,121,583588,640109
86256,2,server2,24,900.25,779.8,775,1.0242,2,2,161,869477,684434
86256,2,server2,24,900.25,779.8,776,1.09594,2,2,161,805003,547271
86256,2,server2,24,900.25,779.8,777,1.13253,2,2,140,679058,636342
86512,2,server2,23,779.8,808908,778,0.853211,2,2,158,760605,875.9
86588,2,server2,27,776.6,801407,778,0.540372,2,2,122,612928,895462
87128,2,server2,27,776.6,801405,779,0.545617,2,1,120,766074,698503
87128,2,server2,27,776.6,801405,778,0.59406,2,1,120,808171,1017.43
87.13,2,server2,23,779.8,808906,779,2.12642,2,1,98,1030.07,903033
87.13,2,server2,23,779.8,808906,780,2.43264,2,1,98,997.84,866839
87217,2,server2,16,886225,776.6,781,1.31766,2,2,141,819259,631401
88099,2,server2,8,1127.43,779.8,780,0.432992,2,1,103,1189.28,872266
88099,2,server2,8,1127.43,779.8,777,0.522666,2,1,103,1132.29,692513
88144,2,server2,27,776.6,801404,778,0.553867,2,1,97,1055.78,1043.87
88359,2,server2,23,779.8,808905,777,0.890602,2,0,91,623074,887039
88362,2,server2,23,779.8,808905,776,0.935957,2,0,91,624516,870076
88597,2,server2,6,773.4,763599,777,0.442952,2,1,99,963.86,721.56
88677,2,server2,2,770.2,763599,777,0.657309,1,1,88,658641,692069
88677,2,server2,2,770.2,763599,778,1.90149,2,1,88,677035,1015.82
88943,2,server2,21,1368.85,770.2,779,2.29963,2,2,120,1332.35,941965
88953,2,server2,24,909336,779.8,780,0.565954,2,2,131,1155.25,857334
88953,2,server2,24,909336,779.8,781,1.68536,1,2,131,831493,647.45
89137,2,server2,23,779.8,808904,782,0.428633,2,2,170,906041,936796
89137,2,server2,23,779.8,808904,783,0.59143,2,2,170,897434,898967
89139,2,server2,27,776.6,801403,784,0.565842,2,0,92,674.79,1031.88
89.14,2,server2,27,776.6,801403,785,1.33692,2,0,92,932561,793527
89285,2,server2,29,914027,773.4,786,0.866414,2,2,129,942541,1071.25
89286,2,server2,29,914027,773.4,786,1.10934,2,2,129,1142.39,779174
89395,2,server2,29,901249,773.4,787,1.51989,2,0,77,667008,537734
90159,2,server2,16,900377,776.6,788,1.14127,2,2,132,1140.98,1060.34
90195,2,server2,16,915265,776.6,787,0.78024,2,2,143,1067.07,727011
90276,2,server2,27,776.6,801403,787,0.407621,2,2,166,601.21,596239
90298,2,server2,27,776.6,801403,788,1.82961,2,2,166,500.98,664269
90515,2,server2,23,779.8,808904,789,0.577291,1,1,110,833149,824.3
90515,2,server2,23,779.8,808904,786,1.02051,2,1,110,882499,799611
91139,2,server2,23,779.8,808887,787,0.769991,2,2,128,938.13,644074
91152,2,server2,23,779.8,808887,778,1.44341,2,2,128,1045.81,599335
91572,2,server2,24,924467,779.8,778,0.405362,2,2,174,651478,807242
91572,2,server2,24,924467,779.8,777,0.428533,2,2,174,1184.58,708442
91993,2,server2,19,776.6,848782,778,0.438707,2,0,68,960811,1000.45
91994,2,server2,19,776.6,848782,776,0.449314,2,0,68,764917,1105.23
92096,2,server2,12,1104.08,779.8,777,0.613362,2,1,107,871194,703975
92157,2,server2,11,779.8,945287,777,1.51311,2,2,108,845964,1184.63
92266,2,server2,11,779.8,932194,776,0.589444,2,2,118,861156,894549
92628,2,server2,11,779.8,919087,775,0.718919,2,2,146,880315,709117
92628,2,server2,11,779.8,919087,776,1.10543,2,2,146,671716,939884
92818,2,server2,16,930223,776.6,777,0.498395,1,2,136,968134,749.12
92954,2,server2,16,945176,776.6,776,1.25088,2,2,146,1005.72,545225
92957,2,server2,16,960151,776.6,777,1.78127,2,2,155,983644,1068.78
92992,2,server2,16,975135,776.6,778,1.32555,2,1,93,712053,575114
93099,2,server2,0,1028.81,779.8,779,1.77073,2,2,146,945926,502124
93392,2,server2,16,990105,776.6,780,2.35585,2,1,106,1004.45,862351
93393,2,server2,16,1005.05,776.6,775,0.683662,2,1,115,1204.69,692854
93393,2,server2,16,1005.05,776.6,776,0.787169,2,1,115,1224.24,842716
93395,2,server2,16,1020.02,776.6,777,2.27903,2,1,108,1020.35,827503
93544,2,server2,24,939593,779.8,778,0.638849,2,0,89,950746,538668
93579,2,server2,5,820.08,770.2,778,0.605433,2,1,71,791827,581409
93579,2,server2,5,820.08,770.2,779,0.995519,2,1,71,812789,523889
93965,2,server2,13,1080.76,770.2,780,1.26602,2,2,117,1073.97,696472
94.55,2,server2,9,880659,770.2,777,1.82558,2,2,126,1150.76,819309
94552,2,server2,0,1042.75,779.8,774,0.795884,2,0,80,1121.16,979702
94.68,2,server2,9,868853,770.2,775,0.420527,2,1,90,1136.61,657939
94682,2,server2,9,865309,770.2,776,0.449274,2,1,90,641736,905.1
94703,2,server2,9,857044,770.2,777,1.55782,2,2,132,1100.41,1010.65
94878,2,server2,11,779.8,906011,778,1.76458,2,2,108,950713,894822
94957,2,server2,0,1056.68,779.8,779,1.41584,2,0,81,847536,870195
95101,2,server2,11,779.8,892903,780,1.46175,2,1,89,801.28,892209
95101,2,server2,11,779.8,892903,780,2.26723,2,1,89,525923,934.84
95128,2,server2,2,770.2,763599,781,1.27477,2,2,119,491958,712.03
95168,2,server2,11,779.8,878479,780,1.04301,2,2,138,732783,1049.42
95241,2,server2,28,1014.17,779.8,778,0.685444,2,2,151,859115,1060.84
95.29,2,server2,24,954714,779.8,779,1.56684,2,2,130,1165.96,594044
95301,2,server2,24,969.84,779.8,780,0.602362,2,2,169,687521,890207
95.7,2,server2,11,779.8,866686,781,0.84679,2,2,142,930846,909434
95703,2,server2,11,779.8,853591,780,1.4325,2,2,131,774849,790315
95729,2,server2,11,779.8,840471,781,1.28474,2,2,123,982307,917073
96662,2,server2,2,770.2,763599,782,0.577362,2,2,143,539565,650317
96666,2,server2,2,770.2,763599,776,2.10036,2,2,122,638203,808471
96682,2,server2,2,770.2,763599,777,0.572534,2,2,154,546841,726404
96.8,2,server2,2,770.2,763599,778,1.27538,2,1,114,835879,907.97
96.8,2,server2,2,770.2,763599,777,2.08451,1,1,114,686503,992729
96802,2,server2,2,770.2,763599,778,2.15505,2,1,103,867593,836144
97326,2,server2,3,779.8,928051,779,0.792108,1,2,114,527758,1085.03
97326,2,server2,3,779.8,928051,777,0.905307,2,2,114,860375,1093.88
97395,2,server2,3,779.8,915976,778,0.420065,2,0,56,494588,722042
97539,2,server2,0,1070.64,779.8,776,0.702209,2,2,144,1037.25,879045
97594,2,server2,8,1143.88,779.8,777,0.646733,1,1,87,1288.59,649891
97645,2,server2,13,1070.21,770.2,778,1.08,2,1,85,900121,495349
97662,2,server2,13,1059.65,770.2,778,0.89338,2,2,117,961956,802875
98.05,2,server2,6,773.4,763599,779,0.512345,2,1,97,834083,647649
98.05,2,server2,6,773.4,763599,780,0.516133,2,1,99,601.05,877.57
98058,2,server2,6,773.4,763599,781,0.534821,2,1,91,479933,871732
98058,2,server2,6,773.4,763599,782,0.567291,2,1,93,1071.14,732498
98058,2,server2,6,773.4,763599,783,0.643435,2,1,93,1022.57,925595
98058,2,server2,6,773.4,763599,784,0.695024,1,1,92,1055.78,619.77
98058,2,server2,6,773.4,763599,785,0.873109,2,1,121,600184,558903
98059,2,server2,6,773.4,763599,786,1.00845,2,1,116,913673,663045
98059,2,server2,6,773.4,763599,787,1.06275,2,1,78,769112,531727
98059,2,server2,6,773.4,763599,788,1.0919,2,1,121,529931,1050.01
98059,2,server2,6,773.4,763599,789,1.13511,2,1,78,624365,746318
98059,2,server2,6,773.4,763599,790,1.34877,2,1,92,919895,801511
98059,2,server2,6,773.4,763599,791,1.36845,2,1,114,588663,682664
98059,2,server2,6,773.4,763599,792,1.76155,2,1,100,909732,1040.26
98059,2,server2,6,773.4,763599,793,1.83303,2,1,80,819513,1043.16
98059,2,server2,6,773.4,763599,794,1.89513,2,1,86,715648,870904
98059,2,server2,6,773.4,763599,795,0.422608,2,2,151,1068.89,591359
98059,2,server2,6,773.4,763599,796,0.444775,2,2,134,1033.95,793.64
98059,2,server2,6,773.4,763599,797,0.451466,2,2,163,571131,983341
98059,2,server2,6,773.4,763599,798,0.456223,2,2,151,1013.57,670.28
98059,2,server2,6,773.4,763599,799,0.604817,2,2,163,542438,654.04
98059,2,server2,6,773.4,763599,800,0.633896,2,2,117,831722,855088
98059,2,server2,6,773.4,763599,801,0.638001,2,2,134,744728,948362
98059,2,server2,6,773.4,763599,802,0.723637,2,2,146,517492,778648
98059,2,server2,6,773.4,763599,803,0.786875,2,2,149,593.91,832315
98059,2,server2,6,773.4,763599,804,1.11207,2,2,166,698.93,925.72
98059,2,server2,6,773.4,763599,805,1.31429,2,2,116,801504,1013.53
98059,2,server2,6,773.4,763599,806,1.33516,2,2,117,905871,903013
98059,2,server2,6,773.4,763599,807,1.8962,2,2,126,614518,1012.65
98059,2,server2,6,773.4,763599,808,2.19784,2,2,116,741971,519684
98157,2,server2,3,779.8,903907,809,0.984795,2,1,83,760393,770543
98199,2,server2,24,984975,779.8,810,0.575655,2,0,92,1003.15,484367
98337,2,server2,27,776.6,801281,811,1.71139,2,1,124,718629,557535
98525,2,server2,6,773.4,763599,812,1.15364,2,1,108,1067.43,690853
99052,2,server2,20,983173,779.8,813,1.28381,2,0,86,743486,772898
99078,2,server2,3,779.8,891843,814,2.32258,2,2,120,906367,785781
99122,2,server2,29,888518,773.4,815,1.32835,2,1,100,1065.75,566816
99125,2,server2,29,875007,773.4,816,2.07296,2,2,117,924.69,627925
99563,2,server2,6,773.4,763624,817,1.66514,2,2,130,934301,821298
100064,2,server2,24,1000.11,779.8,815,0.938429,2,2,177,958954,632773
100064,2,server2,24,1016.74,779.8,816,1456,2,0,93,808027,997888
100636,2,server2,16,1034.98,776.6,817,2.52798,2,2,144,916772,831.18
100637,2,server2,16,1049.95,776.6,814,2.22172,2,2,166,1270.63,747276
100637,2,server2,16,1049.95,776.6,815,2.37332,1,2,166,1017.54,554252
100695,2,server2,16,1064.9,776.6,816,1.43769,1,2,149,834899,1043.23
100703,2,server2,16,1064.9,776.6,817,2.1488,2,2,149,1102.88,1038.22
101422,2,server2,23,779.8,808509,818,1.08076,2,2,132,744503,844004
101422,2,server2,23,779.8,808509,815,1.60032,2,2,132,923.88,631236
101744,2,server2,21,1354.98,770.2,816,0.986746,2,0,38,1253.03,790.73
102096,2,server2,12,1109.71,779.8,817,0.807259,2,1,101,821145,655586
102096,2,server2,12,1109.71,779.8,818,1.2813,1,1,101,1075.09,852418
102239,2,server2,2,770.2,763599,819,0.462255,2,1,107,827.06,793357
102239,2,server2,2,770.2,763599,818,0.523761,1,1,107,828359,956758
102495,2,server2,16,1079.85,776.6,819,0.577313,2,1,99,1044.53,872284
102.5,2,server2,16,1094.81,776.6,818,1.12442,2,2,171,971884,901421
102595,2,server2,6,773.4,765405,819,1.07784,2,1,98,731.67,681941
102596,2,server2,6,773.4,768631,820,2.60572,2,1,105,954.11,873475
102636,2,server2,6,773.4,776235,821,1.59677,2,1,124,517.15,620355
102649,2,server2,3,779.8,879763,822,0.554129,2,1,79,765.37,819768
102681,2,server2,6,773.4,781738,823,0.978559,2,2,148,891002,678.74
103076,2,server2,6,773.4,791281,824,1.3175,2,2,179,855597,561567
103233,2,server2,6,773.4,802.8,824,0.847664,2,1,130,715218,963634
103236,2,server2,6,773.4,816101,822,2.16558,2,1,107,658709,1008.47
103358,2,server2,6,773.4,835603,823,0.714328,2,1,115,611814,938386
103373,2,server2,6,773.4,835603,823,0.911865,2,1,115,681183,638242
103496,2,server2,29,859906,773.4,824,0.555119,2,1,88,1078.71,634673
103587,2,server2,28,1028.22,779.8,825,0.421442,2,2,164,1162.7,921735
103587,2,server2,28,1028.22,779.8,826,0.450833,2,2,164,752913,565.04
103888,2,server2,6,773.4,843975,827,0.590261,1,2,165,689826,648499
103967,2,server2,4,1201.86,779.8,826,0.527888,2,1,113,1085.6,552861
104.37,2,server2,6,773.4,857898,827,0.412807,2,2,179,703185,585531
104.37,2,server2,6,773.4,857898,819,0.438055,2,2,179,571248,799.16
104491,2,server2,1,770875,770.2,820,2.46059,2,1,78,747484,705991
104.55,2,server2,2,770.2,763599,819,0.992064,2,2,134,480.27,866114
104.87,2,server2,6,773.4,871.81,820,0.401605,2,1,108,908175,990976
104.87,2,server2,6,773.4,871.81,821,0.472656,2,1,108,795226,643826
104874,2,server2,6,773.4,885746,822,0.404572,1,2,163,1068.05,642433
104913,2,server2,6,773.4,899659,823,0.410547,2,2,174,658519,1153.44
105104,2,server2,4,1205.49,779.8,824,0.535374,1,1,130,971.78,879457
105323,2,server2,24,1030.35,779.8,825,1.02528,2,2,130,930581,619567
105325,2,server2,24,1045.47,779.8,825,0.587769,2,1,119,1233.85,544604
105374,2,server2,24,1060.59,779.8,826,2.43497,2,1,116,1217.74,885302
105444,2,server2,4,1205.49,779.8,827,0.54101,1,1,93,659471,760688
105444,2,server2,4,1205.49,779.8,828,0.591176,2,1,103,856156,843956
105444,2,server2,4,1205.49,779.8,829,0.600184,1,1,101,1255.5,702.52
105444,2,server2,4,1205.49,779.8,830,0.623302,1,1,103,856307,928465
105454,2,server2,4,1205.49,779.8,831,0.712605,2,1,93,941395,541685
105459,2,server2,4,1205.49,779.8,832,0.736113,2,1,130,1375.5,1061.36
105469,2,server2,4,1205.49,779.8,833,0.782923,2,1,133,915896,682769
105479,2,server2,4,1205.49,779.8,834,0.971615,2,1,123,1020.17,906157
105484,2,server2,4,1205.49,779.8,835,1.00319,2,1,123,967653,590575
105494,2,server2,4,1205.49,779.8,836,1.50699,2,1,133,899313,580315
105504,2,server2,4,1205.49,779.8,837,1.91085,2,1,113,1273.2,1013.82
105509,2,server2,4,1205.49,779.8,838,2.53044,2,1,101,1035.73,1007.03
105519,2,server2,4,1205.49,779.8,839,0.407444,2,2,134,828601,1018.51
105529,2,server2,4,1205.49,779.8,840,0.442872,2,2,138,985076,824232
105534,2,server2,4,1205.49,779.8,841,0.47244,2,2,156,990668,1055.17
105544,2,server2,4,1205.49,779.8,842,0.502983,2,2,127,846691,1064.64
105549,2,server2,4,1205.49,779.8,843,0.552855,1,2,145,1223.71,687159
105559,2,server2,4,1205.49,779.8,844,0.569401,2,2,145,979076,531503
105569,2,server2,4,1205.49,779.8,845,0.575288,2,2,134,1091.19,919065
105574,2,server2,4,1205.49,779.8,846,0.664354,2,2,153,727766,727.54
105584,2,server2,4,1205.49,779.8,847,0.686974,2,2,143,1276.81,729.57
105594,2,server2,4,1205.49,779.8,848,0.703408,2,2,178,1156.3,551086
105599,2,server2,4,1205.49,779.8,849,0.736652,2,2,179,1324.57,1034.78
105609,2,server2,4,1205.49,779.8,850,0.793461,2,2,143,1146.95,604568
105614,2,server2,4,1205.49,779.8,851,0.811603,2,2,178,866243,760441
105624,2,server2,4,1205.49,779.8,852,0.849077,2,2,153,640211,751152
105634,2,server2,2,770.2,763599,853,0.489607,1,2,161,475737,487587
105634,2,server2,4,1205.49,779.8,854,0.852183,2,2,158,936051,734.98
105635,2,server2,2,770.2,763599,855,0.649146,2,2,161,939363,868553
105639,2,server2,4,1205.49,779.8,856,0.864446,2,2,156,1315.89,778.3
105649,2,server2,4,1205.49,779.8,857,0.921043,2,2,164,990277,1044.74
105659,2,server2,4,1205.49,779.8,858,0.937773,2,2,142,607433,582977
105664,2,server2,4,1205.49,779.8,859,0.98761,2,2,169,1187.84,605184
