time;escalonamento;server;carId, CoordX, CoordY, idObj;tempDetect;SizeObj;obDetect;prioridadeVideo;deadlineVideo;coordObjX;coordObjY;
2.134;3;server2;1;1518.57;770.2;2;2.134;0.929951;2;0;7.134;1341.59;752.44;
3.135;3;server2;1;1515.14;770.2;4;3.135;0.973579;2;0;10.135;1297.96;555.879;
4.136;3;server2;1;1519;770;0;1.135;0.630375;2;1;4.135;1362.75;794.881;
5.108;3;server2;1;1509.83;770.2;6;4.136;1.15888;2;1;11.136;1666.13;974.144;
5.135;3;server2;3;779.8;1515.39;10;5.135;0.946323;2;2;13.135;849.059;1348.64;
5.142;3;server2;5;1519;770;12;5.142;1.37305;2;2;16.142;1251.45;493.271;
5.154;3;server2;3;779.8;1515.39;14;5.154;1.07185;2;2;11.154;830.501;1484.65;
6.143;3;server2;5;1518.61;770.2;16;6.1;1.61763;2;2;6;1508.44;720.288;
6.143;3;server2;5;1518.61;770.2;16;6.143;1.61763;2;2;12.143;1508.44;720.288;
6.229;3;server2;1;1502.75;770.2;18;6.229;0.613261;2;2;15.229;1712.96;652.467;
7.133;3;server2;7;779;1519;20;7.133;1.99411;2;2;19.133;494.525;1419.82;
7.139;3;server2;3;779.8;1503.05;22;7.139;0.8237;2;1;17.139;617.485;1348.61;
7.142;3;server2;5;1515.44;770.2;24;7.142;1.28125;2;2;20.142;1764.23;1033.45;
7.152;3;server2;7;779;1519;26;7.152;2.62288;2;2;18.152;497.825;1453.03;
7.159;3;server2;3;779.8;1503.05;28;7.159;2.09573;2;0;17.159;937.047;1738.5;
7.346;3;server2;1;1480.35;770.2;30;6.1;0.530892;1;2;7;1450.8;677.76;
7.346;3;server2;1;1480.35;770.2;30;7.346;0.530892;1;2;14.346;1450.8;677.76;
8.132;3;server2;7;779.8;1518.58;34;8.132;1.12713;2;2;17.132;728.218;1483.12;
8.139;3;server2;1;1469.95;770.2;37;8.139;0.971919;2;2;19.139;1775.81;1069;
8.141;3;server2;5;1510.46;770.2;40;8.141;0.481756;2;2;19.141;1644.16;636.598;
8.151;3;server2;7;779.8;1518.58;42;8.151;1.20703;2;2;19.151;590.604;1460.14;
9.127;3;server2;3;779.8;1483.42;45;9.127;0.449023;2;1;20.127;957.602;1516.54;
9.127;3;server2;7;779.8;1515.07;47;9.127;0.614534;1;1;20.127;900.063;1427.62;
9.139;3;server2;1;1455.62;770.2;53;8.1;1.13465;2;1;9;1386.95;752.586;
9.139;3;server2;1;1455.62;770.2;53;9.139;1.13465;2;1;18.139;1386.95;752.586;
9.161;3;server2;1;1455.62;770.2;58;4.1;1.55848;2;2;9;1261.15;527.6;
9.161;3;server2;1;1455.62;770.2;58;9.161;1.55848;2;2;18.161;1261.15;527.6;
10.127;3;server2;7;779.8;1509.63;63;10.127;1.16428;2;1;23.127;710.78;1705.73;
10.14;3;server2;5;1494.41;770.2;68;10.14;0.535313;2;2;21.14;1407.48;673.275;
10.141;3;server2;5;1494.41;770.2;72;10.141;0.619847;2;1;24.141;1412.35;492.92;
10.143;3;server2;9;1518.6;770.2;77;10.143;0.620779;2;2;23.143;1607.14;945.328;
10.144;3;server2;1;1441.23;770.2;82;10.144;0.49156;2;1;21.144;1301.57;843.723;
10.147;3;server2;9;1518.6;770.2;86;10.147;0.771834;2;2;23.147;1387.53;594.175;
10.166;3;server2;5;1494.41;770.2;91;10.166;1.45681;2;2;22.166;1352.55;1065.93;
11.127;3;server2;7;779.8;1502.22;101;11.127;1.98773;2;2;27.127;541.982;1266.37;
11.132;3;server2;1;1426.85;770.2;110;11.132;1.2637;2;1;23.132;1281.2;703.097;
11.134;3;server2;9;1515.29;770.2;119;11.1;1.72494;2;2;11;1482.51;761.463;
11.134;3;server2;9;1515.29;770.2;119;11.134;1.72494;2;2;22.134;1482.51;761.463;
11.134;3;server2;11;779;1519;128;11.134;1.72753;2;2;25.134;768.531;1288.1;
11.14;3;server2;3;779.8;1456.63;137;11.14;0.400696;2;1;28.14;510.12;1726.8;
12.127;3;server2;7;779.8;1492.94;142;12.127;0.865869;2;2;26.127;720.762;1649.51;
12.141;3;server2;9;1510.11;770.2;151;12.141;0.81502;2;1;28.141;1441.25;503.964;
12.145;3;server2;5;1470.41;770.2;160;12.145;0.436986;2;2;26.145;1458.87;559.04;
12.145;3;server2;5;1470.41;770.2;168;12.145;0.609339;2;2;26.145;1351.17;921.522;
12.327;3;server2;11;779.8;1518.17;177;12.327;0.497952;2;1;29.327;921.724;1789.1;
13.127;3;server2;3;779.8;1518.19;8;5.108;0.554839;2;2;13.108;547.399;1598.62;
13.132;3;server2;7;779.8;1482.44;185;13.127;1.21779;2;2;30.127;528.272;1572.83;
13.133;3;server2;11;779.8;1515.41;194;13.132;2.15152;2;1;27.132;881.411;1470.22;
13.138;3;server2;3;779.8;1428.75;210;13.133;0.548744;2;0;28.133;1030.37;1255.07;
13.152;3;server2;13;1519;770;218;13.138;0.4805;2;2;31.138;1686.11;1054.27;
13.158;3;server2;3;779.8;1428.75;226;13.152;0.652013;2;1;28.152;977.306;1372.02;
14.125;3;server2;5;1455.63;770.2;241;13.158;0.710639;2;1;31.158;1339.32;500.452;
14.127;3;server2;9;1494.05;770.2;263;14.125;0.472331;2;1;31.125;1339.34;606.061;
14.133;3;server2;7;779.8;1471.94;271;14.127;1.39509;2;2;31.127;971.381;1661.05;
14.134;3;server2;1;1383.62;770.2;286;14.133;0.572797;2;2;31.133;1206.71;661.703;
14.134;3;server2;3;779.8;1414.8;294;14.134;0.973163;2;2;29.134;761.501;1483.91;
14.14;3;server2;11;779.8;1510.36;309;14.134;1.8303;2;1;34.134;534.501;1788.65;
14.141;3;server2;9;1494.05;770.2;331;14.14;0.756761;1;1;32.14;1767.73;923.876;
14.142;3;server2;5;1439.77;770.2;339;14.141;1.08697;2;2;30.141;1658.43;616.38;
14.154;3;server2;1;1383.62;770.2;354;14.142;1.29616;2;1;31.142;1454.93;1001.2;
14.176;3;server2;13;1518.62;770.2;376;14.154;0.587846;2;2;30.154;1418.85;706.81;
15.133;3;server2;13;1518.62;770.2;384;14.176;0.831288;2;2;32.176;1288.3;710;
15.135;3;server2;1;1369.23;770.2;421;11.1;1.37705;2;2;15;1304.63;522.712;
15.135;3;server2;1;1369.23;770.2;421;15.135;1.37705;2;2;30.135;1304.63;522.712;
15.14;3;server2;7;779.8;1461.45;399;15.133;2.6512;2;2;31.133;925.802;1234.91;
16.119;3;server2;5;1423.87;770.2;429;15.14;1.3832;1;2;35.14;1708.51;854.118;
16.128;3;server2;9;1469.71;770.2;445;13.1;1.19561;2;1;16;1342.12;605.12;
16.128;3;server2;3;779.8;1386.93;437;16.119;0.688125;2;1;33.119;669;1359.68;
16.134;3;server2;9;1469.71;770.2;445;16.128;1.19561;2;1;32.128;1342.12;605.12;
16.137;3;server2;9;1469.71;770.2;460;16.134;0.413856;2;2;35.134;1342.26;625.181;
16.138;3;server2;3;779.8;1386.93;468;16.137;0.990065;2;1;37.137;692.691;1096.7;
16.139;3;server2;11;779.8;1495.01;483;16.138;0.426835;2;1;36.138;530.626;1718.76;
16.141;3;server2;11;779.8;1495.01;491;16.139;0.448948;2;1;33.139;913.516;1438.5;
16.238;3;server2;1;1354.82;770.2;506;16.141;0.557311;2;1;34.141;1225.17;738.104;
16.424;3;server2;13;1509.8;770.2;528;16.238;0.443121;2;2;33.238;1408.76;721.437;
16.436;3;server2;13;1509.15;770.2;536;16.424;0.445131;2;1;35.424;1477.18;525.969;
17.127;3;server2;13;1509.15;770.2;551;16.436;0.840784;1;1;35.436;1632.15;974.627;
17.127;3;server2;3;779.8;1494.15;32;8.127;0.41354;2;1;17.127;684.767;1443.22;
17.133;3;server2;3;779.8;1372.98;573;17.127;0.876951;1;2;35.127;735.477;1461.39;
17.135;3;server2;11;779.8;1484.55;602;17.127;0.581699;2;1;36.127;686.136;1615.58;
17.137;3;server2;9;1454.43;770.2;610;17.133;0.482939;2;1;37.133;1215.33;987.802;
17.138;3;server2;1;1340.41;770.2;617;17.135;0.720255;2;1;38.135;1609.76;957.994;
17.142;3;server2;15;779.8;1515.41;637;17.137;0.414528;2;2;38.137;993.139;1797.89;
17.144;3;server2;15;779.8;1515.41;644;17.138;0.625793;2;2;38.138;611.884;1738.55;
17.146;3;server2;13;1502.32;770.2;657;17.142;0.9464;2;2;39.142;1217.13;1002.25;
17.149;3;server2;5;1392.12;770.2;682;17.144;2.04145;2;1;35.144;1380.38;1006.72;
17.156;3;server2;11;779.8;1484.55;725;17.146;1.11407;2;2;36.146;664.39;1680.07;
17.167;3;server2;5;1392.12;770.2;756;17.149;0.414341;2;0;38.149;1637.54;957.296;
17.189;3;server2;1;1340.41;770.2;763;17.156;0.867416;2;2;36.156;1529.93;531;
17.26;3;server2;5;1392.12;770.2;776;17.167;0.691083;2;0;35.167;1501.6;631.187;
17.265;3;server2;5;1392.12;770.2;789;17.189;1.41158;2;1;35.189;1674.26;850.17;
18.127;3;server2;17;1519.88;770.2;820;17.26;1.21836;2;2;38.26;1236.43;692.139;
18.132;3;server2;1;1326.03;770.2;919;18.1;0.52991;1;2;18;1352.74;808.865;
18.132;3;server2;1;1326.03;770.2;919;18.132;0.52991;1;2;36.132;1352.74;808.865;
18.132;3;server2;17;1519.88;770.2;839;17.265;1.56133;1;2;37.265;1694.19;775.264;
18.135;3;server2;11;779.8;1472.14;894;18.127;1.25586;1;2;37.127;850.265;1392.72;
18.136;3;server2;15;779.8;1510.39;926;18.132;1.02408;2;2;38.132;858.77;1389.87;
18.147;3;server2;9;1437.34;770.2;933;18.135;0.423678;2;2;38.135;1388.43;655.928;
18.156;3;server2;5;1376.22;770.2;940;18.136;1.41843;2;2;37.136;1296.13;713.869;
18.168;3;server2;13;1492.98;770.2;959;18.147;0.649347;2;2;37.147;1476.15;690.159;
18.176;3;server2;5;1376.22;770.2;972;18.156;1.87604;2;2;37.156;1191.86;916.17;
19.114;3;server2;7;779.8;1429.98;1089;14.1;1.54019;2;1;18;1021.62;1351.54;
19.114;3;server2;13;1492.98;770.2;1009;18.168;1.02204;2;2;40.168;1214.19;850.686;
19;16.;3;server2;7;779.8;1429.98;1089;19.114;1.54019;2;1;37.114;1021.62;1351.54;
19.128;3;server2;5;1376.22;770.2;1028;18.176;2.05698;2;2;37.176;1554.71;726.977;
19.128;3;server2;1;1311.65;770.2;1114;19.128;0.57671;2;0;42.128;1358.83;511.767;
19.133;3;server2;11;779.8;1459.16;1121;19.128;0.607469;2;1;41.128;832.109;1273.24;
19.133;3;server2;7;779.8;1419.5;1178;15.1;0.438789;2;2;19;566.008;1647.77;
19.133;3;server2;7;779.8;1419.5;1178;19.133;0.438789;2;2;38.133;566.008;1647.77;
19.134;3;server2;19;779;1519;1134;19.128;1.62957;2;1;42.128;501.392;1438.06;
19.134;3;server2;5;1360.32;770.2;1159;19.133;0.644542;2;2;44.133;1627.04;1059.26;
19.142;3;server2;7;779.8;1419.5;1185;19.134;0.473757;2;2;39.134;686.337;1181.06;
19.148;3;server2;7;779.8;1419.5;1192;19.134;0.506364;2;0;43.134;503.397;1167.83;
19.152;3;server2;13;1481.75;770.2;1205;19.142;0.592858;2;2;41.142;1630.75;606.737;
19.17;3;server2;1;1311.65;770.2;1230;19.148;0.590147;2;2;41.148;1496.47;942.613;
19.176;3;server2;7;779.8;1419.5;1249;19.152;0.712374;2;2;42.152;650.314;1157.82;
20.124;3;server2;17;1515.26;770.2;1298;19.17;0.588324;2;1;39.17;1476.34;869.88;
20.127;3;server2;5;1360.32;770.2;1305;19.176;0.804507;2;2;41.176;1209.03;925.354;
20.131;3;server2;9;1402.48;770.2;1366;20.124;0.582642;2;2;45.124;1203.64;502.854;
20.133;3;server2;11;779.8;1446.2;1373;20.127;1.98291;1;2;41.127;627.793;1569.99;
20.133;3;server2;9;1402.48;770.2;1446;20.131;0.584354;2;2;44.131;1599.39;945.305;
20.134;3;server2;3;779.8;1331.13;1459;20.133;0.445098;1;2;42.133;635.515;1563.64;
20.135;3;server2;15;779.8;1494.66;1504;20.1;1.51666;2;2;20;783.716;1521.36;
20.135;3;server2;5;1344.43;770.2;1466;20.133;1.0403;2;2;44.133;1262.23;1036.86;
20.136;3;server2;3;779.8;1331.13;1491;20.134;0.657767;2;1;42.134;589.124;1478.95;
20.137;3;server2;1;1297.25;770.2;1566;17.1;1.19437;2;2;20;1193.99;920.264;
20.137;3;server2;1;1297.25;770.2;1566;20.137;1.19437;2;2;40.137;1193.99;920.264;
20.137;3;server2;15;779.8;1494.66;1504;20.135;1.51666;2;2;40.135;783.716;1521.36;
20.138;3;server2;7;779.8;1409.03;1547;20.136;0.996893;2;1;41.136;1007.67;1285.63;
20.147;3;server2;13;1468.59;770.2;1611;18.1;1.35194;2;2;20;1592.53;631.827;
20.147;3;server2;19;779.8;1518.6;1591;20.137;0.403632;2;2;45.137;1069.02;1459.1;
20.149;3;server2;9;1402.48;770.2;1598;20.138;0.789539;2;2;41.138;1604.4;572.714;
20.149;3;server2;13;1468.59;770.2;1611;20.147;1.35194;2;2;40.147;1592.53;631.827;
20.152;3;server2;15;779.8;1494.66;1636;20.149;2.54183;2;1;41.149;827.838;1370.13;
20.156;3;server2;17;1510.06;770.2;1679;20.149;0.618019;2;2;41.149;1437.45;700.867;
20.17;3;server2;3;779.8;1331.13;1686;20.152;0.923521;2;2;41.152;853.822;1119.89;
20.171;3;server2;7;779.8;1409.03;1699;20.156;1.00823;2;2;45.156;1026.91;1158.92;
20.176;3;server2;13;1468.59;770.2;1724;20.17;1.31037;2;2;43.17;1616.9;918.538;
21.127;3;server2;3;779.8;1331.13;1767;20.171;1.09583;2;1;44.171;586.313;1488.9;
21.128;3;server2;3;779.8;1317.17;1884;20.1;1.60243;1;1;21;888.24;1330.04;
21.128;3;server2;7;779.8;1409.03;1798;20.176;1.51028;2;2;45.176;581.486;1631.05;
21.133;3;server2;11;779.8;1433.23;1877;21.127;0.544661;2;2;44.127;799.035;1293.33;
21.135;3;server2;3;779.8;1317.17;1884;21.128;1.60243;1;1;42.128;888.24;1330.04;
21.14;3;server2;7;779.8;1398.53;1975;21.133;1.93488;2;2;43.133;822.359;1314.58;
21.141;3;server2;5;1328.55;770.2;2078;21.135;1.2879;2;0;43.135;1417.07;789.559;
21.146;3;server2;5;1328.55;770.2;2085;21.14;1.74876;2;0;45.14;1476.75;598.613;
21.147;3;server2;9;1385.04;770.2;2098;21.141;1.25824;2;1;46.141;1133.69;550.487;
21.148;3;server2;11;779.8;1433.23;2105;21.146;0.549951;2;1;47.146;489.802;1658.24;
21.161;3;server2;3;779.8;1317.17;2112;21.147;1.08067;2;2;48.147;1018.68;1050.6;
21.181;3;server2;13;1455.04;770.2;2125;21.148;1.62262;2;2;43.148;1391.35;1052.96;
22.122;3;server2;1;1268.44;770.2;2194;20.1;0.465027;2;2;22;1178.04;721.468;
22.122;3;server2;1;1268.44;770.2;2194;22.122;0.465027;2;2;44.122;1178.04;721.468;
22.127;3;server2;9;1385.04;770.2;2150;21.161;1.33557;1;2;46.161;1441.91;1024.59;
22.128;3;server2;9;1385.04;770.2;2169;21.181;1.59258;2;1;45.181;1329.05;1068.67;
22.13;3;server2;17;1503.15;770.2;2215;21.1;0.450507;2;2;22;1561.88;676.992;
22.13;3;server2;17;1503.15;770.2;2215;22.13;0.450507;2;2;44.13;1561.88;676.992;
22.133;3;server2;3;779.8;1303.21;2201;22.127;1.14728;2;1;47.127;630.134;1184.54;
22.134;3;server2;11;779.8;1420.24;2208;22.128;0.66303;2;1;45.128;961.014;1485.31;
22.139;3;server2;13;1441.47;770.2;2242;21.1;1.68755;2;2;22;1365.08;733.093;
22.139;3;server2;7;779.8;1388.03;2222;22.133;0.74064;2;0;49.133;1023.72;1632.84;
22.141;3;server2;1;1268.44;770.2;2235;22.134;0.412393;2;1;46.134;1329.29;554.181;
22.143;3;server2;13;1441.47;770.2;2242;22.139;1.68755;2;2;44.139;1365.08;733.093;
22.143;3;server2;9;1519;770;50;9.136;0.401607;2;2;22.136;1455.74;1030.2;
22.147;3;server2;5;1312.66;770.2;2267;22.141;0.945154;2;1;45.141;1290.54;719.961;
22.156;3;server2;19;779.8;1510.11;2280;22.143;0.828322;2;1;49.143;510.745;1688.78;
22.159;3;server2;19;779.8;1510.11;2287;22.143;1.09837;2;1;46.143;963.836;1463.97;
22.166;3;server2;11;779.8;1420.24;2312;22.147;0.958403;2;0;49.147;920.425;1127.12;
22.179;3;server2;17;1494.34;770.2;2335;22.156;0.563023;2;2;47.156;1278.13;668.225;
23.127;3;server2;13;1441.47;770.2;2340;22.159;0.551782;2;2;49.159;1245.2;530.365;
23.127;3;server2;11;779.8;1420.24;2345;22.166;1.09471;2;1;45.166;1025.45;1518.37;
23.133;3;server2;13;1441.47;770.2;2380;22.179;1.01488;2;2;48.179;1728.25;720.754;
23.134;3;server2;7;779.8;1377.55;2393;23.127;0.627063;2;1;51.127;484.634;1256.06;
23.139;3;server2;11;779.8;1407.26;2402;23.127;0.938351;2;0;50.127;581.506;1547.81;
23.144;3;server2;1;1254.03;770.2;2415;23.133;0.603549;2;2;48.133;1103.38;540.565;
23.161;3;server2;9;1350.16;770.2;2420;23.134;0.409545;2;1;48.134;1540.31;873.545;
23.161;3;server2;9;1350.16;770.2;2425;23.139;0.614193;2;2;51.139;1575.25;963.332;
23.223;3;server2;19;779.8;1503.03;2438;23.144;1.08234;2;2;50.144;1059.31;1499.51;
23.25;3;server2;21;1519.82;770.2;2463;23.161;0.407954;2;1;48.161;1390.03;534.052;
23.254;3;server2;21;1519.65;770.2;2468;23.161;2.23165;2;1;49.161;1759.34;941.198;
24.127;3;server2;5;1296.78;770.2;2513;23.223;1.17231;2;1;50.223;1144.16;963.095;
24.127;3;server2;21;1515.37;770.2;2546;23.25;0.462958;1;0;50.25;1662.03;521.725;
24.133;3;server2;15;779.8;1443.43;2590;23.1;0.770775;2;1;24;883.557;1494.29;
24.133;3;server2;21;1515.37;770.2;2555;23.254;0.750394;2;2;49.254;1800.43;830.634;
24.135;3;server2;7;779.8;1367.08;2568;24.127;0.406667;2;2;53.127;498.574;1204.16;
24.139;3;server2;1;1239.63;770.2;2636;23.1;0.941794;2;2;24;1336.85;820.064;
24.139;3;server2;11;779.8;1394.3;2573;24.127;0.58396;1;0;49.127;696.078;1320.69;
24.139;3;server2;15;779.8;1443.43;2590;24.133;0.770775;2;1;48.133;883.557;1494.29;
24.139;3;server2;9;1332.71;770.2;2627;24.135;0.492779;2;2;52.135;1400.06;541.74;
24.14;3;server2;17;1474.53;770.2;2763;22.1;0.666848;1;2;24;1346.15;848.435;
24.14;3;server2;17;1474.53;770.2;2763;24.14;0.666848;1;2;48.14;1346.15;848.435;
24.149;3;server2;1;1239.63;770.2;2636;24.139;0.941794;2;2;48.139;1336.85;820.064;
24.159;3;server2;15;779.8;1443.43;2701;24.139;0.883444;2;2;50.139;901.008;1476.62;
24.159;3;server2;17;1474.53;770.2;2750;24.139;0.606063;2;2;51.139;1613.64;881.266;
24.164;3;server2;5;1280.89;770.2;2780;24.149;0.475597;2;0;51.149;1213.55;981.604;
24.167;3;server2;1;1239.63;770.2;2785;24.159;0.627566;2;2;51.159;1556.51;606.07;
24.171;3;server2;17;1474.53;770.2;2806;24.159;1.33792;2;2;50.159;1216.97;747.293;
24.185;3;server2;17;1474.53;770.2;2847;24.164;1.41931;2;2;50.164;1535.21;553.466;
24.185;3;server2;13;1414.36;770.2;2916;24.167;1.24038;2;2;52.167;1286.45;1055.34;
24.189;3;server2;5;1280.89;770.2;2941;24.171;0.816097;2;0;52.171;1335.99;1000.12;
24.202;3;server2;1;1239.63;770.2;2946;24.185;0.8751;2;1;49.185;1010.4;832.091;
24.205;3;server2;17;1474.53;770.2;2955;24.185;1.69991;2;2;50.185;1381.97;695.287;
24.329;3;server2;13;1414.36;770.2;2996;24.189;1.25505;2;2;50.189;1256.4;683.579;
24.329;3;server2;13;1414.36;770.2;3013;24.202;1.55956;2;1;50.202;1341.37;875.369;
24.741;3;server2;1;1239.63;770.2;3042;24.205;1.03793;2;1;53.205;996.884;981.432;
25.128;3;server2;23;779.8;1518.34;3047;24.329;1.01427;2;2;53.329;654.572;1231.23;
25.132;3;server2;23;779.8;1518.34;3052;24.329;2.04101;2;2;50.329;959.183;1491.99;
25.133;3;server2;21;1506.23;770.2;3093;24.741;0.542792;2;2;51.741;1514.1;555.711;
25.135;3;server2;11;779.8;1381.59;3098;25.128;1.64561;2;2;51.128;1077.4;1445.08;
25.136;3;server2;1;1225.21;770.2;3111;25.132;0.677796;2;1;52.132;1110.53;836.075;
25.148;3;server2;7;779.8;1356.63;3120;25.133;0.450364;2;1;56.133;1052.74;1589.6;
25.148;3;server2;25;1519;770;3125;25.135;0.877748;2;2;54.135;1344.96;983.606;
25.165;3;server2;5;1265.01;770.2;3142;25.136;0.551336;2;2;55.136;1550.14;653.067;
25.173;3;server2;11;779.8;1381.59;3151;25.148;1.4398;2;2;54.148;1041.35;1265.3;
25.24;3;server2;23;779.8;1515.3;3184;25.148;0.774743;2;2;53.148;976.018;1564.11;
25.335;3;server2;19;779.8;1482.79;3197;25.165;0.829389;2;1;55.165;634.386;1754.1;
26.108;3;server2;15;779.8;1429.13;3222;25.173;0.850167;2;2;54.173;609.39;1603.04;
26.119;3;server2;3;779.8;1247.45;3358;24.1;1.09634;2;1;26;728.357;1111.4;
26.119;3;server2;3;779.8;1247.45;3358;26.119;1.09634;2;1;52.119;728.357;1111.4;
26.127;3;server2;1;1223.76;770.2;3263;25.24;1.56635;2;1;51.24;1197.65;701.779;
26.128;3;server2;13;1400.82;770.2;3344;25.335;0.624339;2;2;53.335;1604.03;818.864;
26.134;3;server2;3;779.8;1261.41;3349;26.108;0.735345;2;2;54.108;921.627;1408.26;
26.137;3;server2;11;779.8;1369.38;3375;26.127;0.91902;2;2;57.127;925.801;1095.56;
26.146;3;server2;9;1297.85;770.2;3392;26.128;0.563157;2;2;55.128;1414.09;940.304;
26.151;3;server2;9;1297.85;770.2;3397;26.134;2.18039;2;2;54.134;1479.98;664.149;
26.155;3;server2;3;779.8;1247.45;3430;26.137;1.56946;2;1;54.137;962.133;1574.18;
26.156;3;server2;11;779.8;1369.38;3455;26.146;1.11605;2;2;56.146;945.685;1560.34;
26.159;3;server2;13;1387.27;770.2;3464;26.151;0.454019;2;2;55.151;1558.99;862.011;
26.238;3;server2;25;1518.62;770.2;3469;26.155;0.487382;2;1;55.155;1344.88;922.02;
26.241;3;server2;3;779.8;1247.45;3478;26.156;2.04309;2;1;55.156;944.878;1168.33;
26.263;3;server2;13;1387.27;770.2;3503;26.159;0.464618;2;2;55.159;1342;595.37;
27.124;3;server2;21;1494.04;770.2;3512;26.238;0.425101;2;1;56.238;1326.74;559.497;
27.125;3;server2;21;1493.02;770.2;3517;26.241;0.57696;2;2;55.241;1308.47;1051;
27.127;3;server2;21;1493.02;770.2;3534;26.263;1.06401;2;1;55.263;1738.38;761.856;
27.128;3;server2;5;1233.24;770.2;3567;27.124;0.815977;2;0;55.124;1167.86;799.536;
27.128;3;server2;3;779.8;1456.63;96;11.125;0.400318;2;1;27.125;544.862;1257.95;
27.129;3;server2;5;1233.24;770.2;3592;27.125;1.04944;2;0;58.125;1000.31;874.039;
27.129;3;server2;7;779.8;1335.65;3637;27.127;1.07474;2;1;55.127;828.067;1398.76;
27.129;3;server2;17;1454.67;770.2;4978;25.1;0.666045;2;1;27;1525.19;931.637;
27.129;3;server2;17;1454.67;770.2;4978;27.129;0.666045;2;1;54.129;1525.19;931.637;
27.133;3;server2;3;779.8;1233.51;3742;27.128;0.97739;2;2;58.128;1065.03;1263.03;
27.133;3;server2;15;779.8;1400.57;6524;26.1;0.865185;2;2;27;795.114;1337.69;
27.133;3;server2;15;779.8;1400.57;6524;27.133;0.865185;2;2;54.133;795.114;1337.69;
27.134;3;server2;11;779.8;1357.6;3771;27.128;1.17024;2;1;57.128;823.595;1571.94;
27.134;3;server2;7;779.8;1335.65;3952;27.129;1.68851;2;1;58.129;492.667;1188.8;
27.138;3;server2;5;1233.24;770.2;5647;27.133;1.32631;2;2;57.133;1455.36;917.204;
27.138;3;server2;27;779;1519;9274;27.134;0.63845;1;1;59.134;950.159;1799.19;
27.142;3;server2;13;1373.72;770.2;12023;27.138;0.598705;2;1;59.138;1093.05;929.291;
27.144;3;server2;1;1196.41;770.2;23017;27.142;0.44821;2;2;57.142;1402.07;622.778;
27.145;3;server2;1;1196.41;770.2;33342;27.144;0.529322;2;1;59.144;1012.51;1057.85;
27.15;3;server2;5;1233.24;770.2;53991;27.145;1.5315;2;2;58.145;1029.73;515.268;
27.154;3;server2;17;1444.73;770.2;85632;27.15;0.846364;1;2;57.15;1300.69;930.143;
27.158;3;server2;9;1280.41;770.2;96625;27.154;0.414178;2;1;59.154;1064.44;1020.69;
27.162;3;server2;25;1515.35;770.2;106950;27.158;0.711236;2;2;58.158;1253.59;669.664;
27.17;3;server2;1;1196.41;770.2;128267;27.162;0.712423;2;2;55.162;1335;689.528;
27.174;3;server2;17;1444.73;770.2;160576;27.17;1.64972;1;2;57.17;1380.38;560.756;
27.185;3;server2;9;1280.41;770.2;203877;27.174;2.48676;2;2;57.174;1347.6;502.227;
27.19;3;server2;25;1515.35;770.2;258170;27.185;1.26103;2;2;60.185;1248.55;1038.35;
27.204;3;server2;17;1444.73;770.2;269163;27.19;2.28898;2;1;55.19;1318;795.771;
27.205;3;server2;19;779.8;1457.17;291148;27.204;0.521909;2;1;58.204;511.629;1425.43;
